# --------------------
# version: 1
# protein:
#     name: GFP
#     organism: Aequorea victoria (Jellyfish)
#     sequence: AVST
#     uniprot: P42212
# gmma:
#     dG_wt: -3.799
# variants:
#     number: 76
# columns:
#     ddG: Calculated or random stability effects
# --------------------
#
variant ddG std std_mean ddG_init obs_act obs_inact rank
A1C 9.63466246308694 0 0.00079263089720406 0.523413176141915 2 7998 60
A1D 3.44224046158716 0 0.000344216529909341 -0.153237683512827 127 7873 20
A1E 9.63582771892352 0 0.000564246481974828 -0.350974135666901 1 7999 61
A1F 9.6235562096781 0 0.000554463484560253 -0.254908998990882 1 7999 59
A1G 9.71455587405932 0 0.000890947251408648 0.895277176288015 2 7998 64
A1H 9.60432473504156 0 8.01944264947558e-05 0.182052102741729 0 8000 55
A1I 9.78589421001095 0 0.000703153043505391 -0.937778848671025 1 7999 65
A1K -1.56747665126401 0 0.000330672777536885 -0.532227371416164 408 7592 5
A1L 9.64201377687609 0 0.000569261654417063 -0.395809527298826 1 7999 62
A1M 9.61706252804072 0 0.000549374671362666 -0.204638799356208 1 7999 58
A1N 9.66910234932321 0 0.000591898707452505 -0.530329859264164 1 7999 63
A1P 2.15190717362103 0 0.000276845682874012 -0.0178605828679842 185 7815 19
A1Q 9.60854042793998 0 8.01380318560567e-05 -0.0860824021182478 0 8000 57
A1R 4.2913712086241 0 0.000318948698411663 -0.344764592963772 97 7903 23
A1S 7.03650279415386 0 0.000308469672454946 0.572662148064292 17 7983 33
A1T 1.04365345929074 0 0.000248466626221513 -0.229813324226983 232 7768 16
A1V -0.462299089354909 0 0.000248258818004949 -0.0872756487419449 319 7681 7
A1W 9.60627802566216 0 0.000541055872042651 0.238040094812152 1 7999 56
A1Y 9.60300556855838 0 8.02121944172423e-05 0.0739267841341177 0 8000 54
V2A -1.91242495815294 0 0.000297145627481542 0.471344988966202 337 7663 3
V2C 5.19958396806367 0 0.000308143797342722 0.228077477233808 42 7958 26
V2D 9.10383146780882 0 8.10347383183928e-05 -0.216613087606808 0 8000 47
V2E 9.22946590106165 0 7.94689384782474e-05 1.03491101932004 0 8000 53
V2F 9.18694922303106 0 0.000616673886072229 -0.586061305815613 1 7999 51
V2G 9.07958975713913 0 0.000746186551267535 0.336964076237607 2 7998 46
V2H 0.563465627087815 0 0.000237062768490716 -0.212353964299811 196 7804 13
V2I 0.15980140704705 0 0.000220315338662125 -0.580424030959394 218 7782 11
V2K 9.11064924537166 0 0.000553919701405091 -0.269215605598916 1 7999 48
V2L 9.07395129158853 0 0.000526698956304599 0.164695389789123 1 7999 43
V2M 2.14350512997568 0 0.000281909312987283 -0.469514726010138 129 7871 18
V2N 9.1248216998622 0 0.000564930220372511 0.659263771618148 1 7999 49
V2P 9.07926952119715 0 8.13970003554882e-05 0.0085352425743066 0 8000 45
V2Q 1.43126902385918 0 0.000260936020782516 -1.1599232540871 161 7839 17
V2R 6.64528904149988 0 0.000260843158218141 0.0555422490357348 12 7988 31
V2S 5.36915512907014 0 0.000292172139304509 0.7426277466037 35 7965 27
V2T 9.07398532336864 0 0.000526723360068137 0.185876630168185 1 7999 44
V2W -1.80984809958034 0 0.000331714612620903 -0.0508447338675171 321 7679 4
V2Y 9.21431396220732 0 0.000903521583631691 -0.67503218505196 2 7998 52
S3A 7.01805377867675 0 0.000326440606954525 -0.0474734595458846 22 7978 32
S3C 10 0 0.000389647403351078 0.321763568329046 2 7998 66
S3D 10 0 0.000121118459475409 -0.279597993448628 0 8000 67
S3E 10 0 0.00046947077416438 -0.489820170143364 3 7997 68
S3F 5.18983280323219 0 0.000352380215410903 -0.10727892007743 66 7934 25
S3G 10 0 0.000121118459475409 -0.239378308818341 0 8000 69
S3H 10 0 0.000121118459475409 -0.403804834655798 0 8000 70
S3I 4.7514421665475 0 0.000299324315974147 0.222862636335929 83 7917 24
S3K 10 0 0.000389647403350974 0.645069796141161 2 7998 71
S3L 10 0 0.000288526238117032 0.0139608467473392 1 7999 72
S3M -0.087689715770742 0 0.000238412469580506 -0.37160597157838 313 7687 8
S3N 0.312357809357015 0 0.000283447935845058 -0.0140224797358254 277 7723 12
S3P 6.52899119832525 0 0.000357332888392264 0.164484941558988 32 7968 30
S3Q 10 0 0.00012111845947541 0.866625090459288 0 8000 73
S3R 0.049196654127933 0 0.000238323850025541 -0.228324919078272 301 7699 9
S3T 10 0 0.00028852623811703 0.990805654681509 1 7999 74
S3V 10 0 0.000121118459475408 -0.662534578630215 0 8000 75
S3W 10 0 0.00028852623811703 0.0171240760887018 1 7999 76
S3Y 0.664281194018514 0 0.000236036081525501 -0.184407155593116 268 7732 14
T4A 9.06733839642938 0 7.93375899224944e-05 -0.63317983460703 0 8000 42
T4C 8.9281403962184 0 8.10468490516958e-05 -0.0171444170193626 0 8000 36
T4D 0.0933646255068705 0 0.000231299885978662 0.259134630423058 206 7794 10
T4E 3.48229421723321 0 0.000319123417233361 0.0110378078097613 81 7919 21
T4F 8.97049258274172 0 8.04682200529644e-05 -0.278110281240335 0 8000 40
T4G 9.17355800441512 0 7.83534039651408e-05 -0.915252046898947 0 8000 50
T4H 8.9152072521739 0 0.00053493334359793 0.446841765384118 1 7999 35
T4I 8.93390666422108 0 0.000772008620305741 0.641869040334202 2 7998 38
T4K -0.565319020635574 0 0.000280664791138439 0.193579686396407 232 7768 6
T4L 8.91068120926688 0 8.1302129676283e-05 0.287954803286922 0 8000 34
T4M 8.97418047725455 0 0.000580600752402737 0.865968540247401 1 7999 41
T4N 8.92833267336763 0 0.000766014585859319 -0.0702497217191252 2 7998 37
T4P 0.737352715179576 0 0.000223220593515618 -0.104713110622446 181 7819 15
T4Q -2.09138502321139 0 0.000332190825115379 0.263588888990909 331 7669 1
T4R 5.49279141317454 0 0.000353658031837172 0.429784356201578 29 7971 28
T4S 8.94301164055488 0 8.08372763252905e-05 -0.127562531511711 0 8000 39
T4V 3.64750522461584 0 0.000317975707323535 0.183646660836388 75 7925 22
T4W 6.21664637654144 0 0.000234223974749733 0.89367285156318 15 7985 29
T4Y -1.96628860015235 0 0.000327934823974091 -0.369799811416623 317 7683 2
