 dG_wt_fit dG_wt_true      B_D    B_max  cor_s  cor_all  cor_low  cor_p_stab  cor_p_neu  cor_p_dest cor_p_neustab cor_s_stab  cor_s_neu  cor_s_dest cor_s_neustab  slope    inter  frac_act RSS  scan"
-4.601   -1.054    0.000  1.000    0.981    0.992     0.992       NA  0.999 0.962    0.999     NA   1.000   0.962  1.000    4.292     0.169    0.011 254.679    0.000 
-2.500   -0.620    0.000  1.000    0.989    0.805     0.805    0.997  0.998 0.496    0.999  0.943   0.993   0.974  0.996    2.489     2.324    0.011 252.872    1.000 
-5.352   -1.229    0.000  1.000    0.983    0.671     0.671    1.000  0.996 0.518    0.997  1.000   0.987   0.967  0.991    1.634     3.833    0.011 246.053    2.000 
-2.553   -0.721    0.000  1.000    0.971    0.655     0.655    1.000  0.997 0.516    0.998  1.000   0.994   0.930  0.996    1.353     3.616    0.011 237.517    3.000 
-3.490   -0.974    0.000  1.000    0.964    0.628     0.628    0.996  0.997 0.468    0.999  1.000   0.978   0.924  0.988    1.172     3.981    0.011 240.088    4.000 
-4.267   -1.136    0.000  1.000    0.991    0.600     0.600    1.000  0.986 0.525    0.993  1.000   0.978   0.984  0.985    1.032     4.343    0.011 233.296    5.000 
-1.420   -0.895    0.000  1.000    0.973    0.608     0.608       NA  0.981 0.408    0.983     NA   0.996   0.936  0.996    1.076     3.768    0.011 246.129    6.000 
-3.660   -1.027    0.000  1.000    0.981    0.601     0.601    1.000  0.998 0.441    0.999  1.000   0.991   0.971  0.994    0.915     4.188    0.011 244.218    7.000 
-3.806   -1.022    0.000  1.000    0.965    0.584     0.584    1.000  0.996 0.363    0.999  1.000   0.978   0.915  0.990    0.856     4.422    0.011 229.078    8.000 
-3.463   -0.937    0.000  1.000    0.962    0.595     0.595    1.000  0.999 0.433    0.999  1.000   0.988   0.920  0.992    0.861     4.257    0.011 246.433    9.000 
-3.864   -1.180    0.000  1.000    0.992    0.629     0.629    1.000  0.995 0.488    0.997  1.000   0.995   0.987  0.996    0.838     4.112    0.011 252.756   10.000 
-4.541   -1.099    0.000  1.000    0.967    0.582     0.582       NA  0.997 0.450    0.998     NA   1.000   0.945  1.000    0.746     4.560    0.011 239.611   11.000 
-4.803   -1.366    0.000  1.000    0.969    0.611     0.611    1.000  0.997 0.518    0.998  1.000   0.996   0.963  0.997    0.708     4.185    0.011 251.282   12.000 
-5.569   -1.473    0.000  1.000    0.925    0.595     0.595       NA  0.998 0.440    0.998     NA   0.985   0.878  0.985    0.671     4.526    0.011 245.523   13.000 
-4.697   -1.283    0.000  1.000    0.989    0.638     0.638    1.000  0.996 0.520    0.998  1.000   1.000   0.988  1.000    0.719     4.333    0.011 240.787   14.000 
-3.743   -1.240    0.000  1.000    0.963    0.656     0.656       NA  0.997 0.562    0.997     NA   0.991   0.957  0.993    0.744     3.974    0.011 241.812   15.000 
-3.758   -1.157    0.000  1.000    0.982    0.666     0.666       NA  0.998 0.525    0.999     NA   0.995   0.984  0.996    0.747     3.918    0.011 246.799   16.000 
-2.372   -0.866    0.000  1.000    0.982    0.757     0.757    0.989  0.998 0.744    0.999  0.500   0.993   0.992  0.994    0.796     3.101    0.011 246.788   17.000 
-6.161   -1.531    0.000  1.000    0.971    0.658     0.658       NA  0.997 0.557    0.998     NA   0.994   0.947  0.995    0.681     4.343    0.011 231.840   18.000 
-4.491   -1.233    0.000  1.000    0.986    0.699     0.699       NA  0.997 0.603    0.997     NA   0.991   0.989  0.993    0.714     3.880    0.011 228.771   19.000 
-3.326   -1.044    0.000  1.000    0.964    0.705     0.705    1.000  0.995 0.605    0.998  1.000   0.990   0.947  0.993    0.740     3.622    0.011 217.433   20.000 
-4.280   -1.340    0.000  1.000    0.933    0.690     0.690       NA  0.999 0.576    0.999     NA   0.986   0.944  0.988    0.691     3.841    0.011 240.534   21.000 
-5.656   -1.525    0.000  1.000    0.973    0.702     0.702       NA  0.995 0.626    0.995     NA   0.996   0.966  0.996    0.706     3.969    0.011 254.467   22.000 
-3.741   -1.354    0.000  1.000    0.909    0.689     0.689       NA  0.993 0.458    0.994     NA   0.996   0.851  0.996    0.705     3.513    0.011 244.299   23.000 
-5.740   -1.733    0.000  1.000    0.972    0.783     0.783       NA  0.998 0.733    0.998     NA   0.996   0.989  0.996    0.696     3.450    0.011 241.785   24.000 
-4.386   -1.457    0.000  1.000    0.951    0.785     0.785    1.000  0.995 0.730    0.998  1.000   0.993   0.926  0.996    0.720     3.010    0.011 223.984   25.000 
-4.541   -1.435    0.000  1.000    0.973    0.816     0.816    0.999  0.998 0.775    0.997  1.000   1.000   0.984  1.000    0.753     3.066    0.011 233.085   26.000 
-2.226   -0.897    0.000  1.000    0.976    0.810     0.810    0.988  0.991 0.772    0.997  1.000   0.937   0.981  0.984    0.806     2.598    0.011 233.451   27.000 
-3.102   -1.112    0.000  1.000    0.938    0.788     0.788    0.988  0.997 0.703    0.998  1.000   0.996   0.917  0.998    0.750     2.707    0.011 234.555   28.000 
-2.351   -0.885    0.000  1.000    0.937    0.807     0.807    1.000  0.997 0.728    0.999  1.000   0.979   0.905  0.988    0.741     2.528    0.011 215.139   29.000 
-3.318   -1.137    0.000  1.000    0.932    0.853     0.853    0.866  0.996 0.848    0.998  0.800   0.987   0.944  0.992    0.800     2.403    0.011 252.128   30.000 
-1.586   -0.931    0.000  1.000    0.910    0.829     0.829    1.000  0.989 0.839    0.994  1.000   0.993   0.966  0.995    0.781     2.174    0.011 218.973   31.000 
-4.597   -1.508    0.000  1.000    0.935    0.813     0.813       NA  0.997 0.728    0.997     NA   0.993   0.921  0.993    0.775     2.882    0.011 221.060   32.000 
-3.457   -1.446    0.000  1.000    0.927    0.902     0.902    1.000  0.996 0.901    0.999  1.000   0.984   0.947  0.991    0.801     1.918    0.011 220.488   33.000 
-2.888   -1.407    0.000  1.000    0.910    0.858     0.858       NA  0.994 0.820    0.995     NA   0.998   0.963  0.998    0.807     1.902    0.011 246.074   34.000 
-7.346   -1.963    0.000  1.000    0.938    0.845     0.845       NA  0.993 0.801    0.993     NA   0.996   0.966  0.996    0.710     3.145    0.011 241.270   35.000 
-2.173   -0.851    0.000  1.000    0.914    0.927     0.927    0.995  0.996 0.950    0.998  1.000   0.978   0.954  0.990    0.862     1.492    0.011 226.178   36.000 
-4.137   -1.686    0.000  1.000    0.940    0.944     0.944    0.955  0.993 0.961    0.997  1.000   0.978   0.940  0.988    0.868     1.556    0.011 224.501   37.000 
-3.257   -1.293    0.000  1.000    0.909    0.926     0.926    0.999  0.999 0.917    0.999  1.000   0.996   0.939  0.998    0.859     1.583    0.011 215.197   38.000 
-3.623   -1.418    0.000  1.000    0.930    0.919     0.919    0.992  0.996 0.909    0.998  0.900   0.993   0.954  0.995    0.862     1.594    0.011 222.720   39.000 
-3.271   -1.252    0.000  1.000    0.871    0.927     0.927    1.000  0.988 0.933    0.994  1.000   0.978   0.822  0.990    0.858     1.496    0.011 235.335   40.000 
-4.842   -1.799    0.000  1.000    0.883    0.929     0.929       NA  0.992 0.923    0.993     NA   0.983   0.829  0.986    0.824     1.777    0.011 221.588   41.000 
-4.749   -1.616    0.000  1.000    0.911    0.917     0.917    1.000  0.996 0.893    0.997  1.000   0.982   0.905  0.988    0.852     1.762    0.011 209.449   42.000 
-3.295   -1.355    0.000  1.000    0.729    0.893     0.893       NA  0.996 0.843    0.996     NA   0.994   0.655  0.995    0.800     1.254    0.011 219.714   43.000 
-5.711   -1.984    0.000  1.000    0.810    0.928     0.928       NA  0.998 0.919    0.998     NA   0.996   0.785  0.996    0.819     1.681    0.011 217.416   44.000 
-3.353   -1.809    0.000  1.000    0.837    0.967     0.967    0.986  0.955 0.971    0.990  0.800   0.916   0.793  0.959    0.875     0.790    0.011 200.034   45.000 
-4.183   -2.020    0.000  1.000    0.816    0.964     0.964    1.000  0.996 0.971    0.997  1.000   0.965   0.761  0.975    0.904     0.871    0.011 207.719   46.000 
-4.983   -2.179    0.000  1.000    0.785    0.959     0.959       NA  0.995 0.955    0.996     NA   0.994   0.712  0.995    0.869     0.888    0.011 210.941   47.000 
-5.298   -2.141    0.000  1.000    0.823    0.975     0.975    1.000  0.993 0.986    0.988  1.000   0.960   0.753  0.974    0.918     0.942    0.011 201.205   48.000 
-5.562   -2.345    0.000  1.000    0.761    0.979     0.979    1.000  0.958 0.982    0.976  1.000   0.987   0.789  0.991    0.906     0.826    0.011 188.121   49.000 
-5.454   -2.415    0.000  1.000    0.723    0.981     0.981       NA  0.980 0.984    0.985     NA   0.921   0.581  0.936    0.912     0.726    0.011 179.436   50.000 
-4.841   -2.384    0.000  1.000    0.835    0.987     0.987    1.000  0.997 0.989    0.995  1.000   0.982   0.788  0.988    0.953     0.422    0.011 179.064   51.000 
-4.081   -8.203    0.000  1.000    0.892    0.987     0.987       NA  0.958 0.971    0.951     NA   0.921   0.851  0.934    0.944     -0.203    0.011 164.554   52.000 
-4.328   -3.392    0.000  1.000    0.812    0.994     0.994    0.768  0.813 0.995    0.876  0.500   0.897   0.546  0.935    1.025     -0.143    0.011 149.244   53.000 
-3.488   -8.279    0.000  1.000    0.945    0.984     0.984    1.000  0.910 0.929    0.947  1.000   0.897   0.946  0.928    0.982     -0.479    0.011 186.060   54.000 
-5.524   -9.221    0.000  1.000    0.888    0.979     0.979    1.000  0.992 0.950    0.996  1.000   0.974   0.967  0.982    0.913     -0.092    0.011 205.937   55.000 
-6.450   -9.464    0.000  1.000    0.955    0.976     0.976       NA  0.980 0.957    0.988     NA   0.956   0.982  0.964    0.899     0.009    0.011 246.387   56.000 
-3.972   -8.753    0.000  1.000    0.986    0.973     0.973    1.000  0.995 0.921    0.997  1.000   0.987   0.967  0.991    0.944     -0.382    0.011 240.571   57.000 
