# --------------------
# version: 1
# protein:
#     name: GFP
#     organism: Aequorea victoria (Jellyfish)
#     sequence: AVST
#     uniprot: P42212
# gmma:
#     dG_wt: 1.304
# variants:
#     number: 76
# columns:
#     ddG: Calculated or random stability effects
# --------------------
#
variant ddG std std_mean ddG_init obs_act obs_inact rank
A1C 0.969900647420215 0 0.000631764964360621 0.543785226373706 18 7982 75
A1D 0.333289056338372 0 0.000474647272369059 0.48725876557242 62 7938 24
A1E 0.234877244437335 0 0.00055097411206838 -0.696401897390983 103 7897 19
A1F 0.444515478193525 0 0.000503988148101816 0.148265823743303 53 7947 42
A1G 0.47295585552716 0 0.000523349590944747 0.552721542905271 53 7947 45
A1H 1.12102029142446 0 0.000709219924808772 -0.184096690076627 14 7986 76
A1I 0.0720433351042082 0 0.000553020055947148 0.315223196483864 142 7858 12
A1K 0.770610429708357 0 0.000568977028831814 -0.0760344328793475 27 7973 71
A1L 0.408945354064755 0 0.000461891453734205 -0.485322987593499 49 7951 33
A1M -0.0429498608137777 0 0.000625225635714828 0.174044402957397 216 7784 7
A1N 0.536691348908618 0 0.000500268725453182 -0.28189151161013 41 7959 52
A1P 0.411216144738093 0 0.00049642436785376 0.929419891601311 56 7944 34
A1Q 0.953827263255651 0 0.000598134051865876 0.476511734860916 17 7983 74
A1R 0.653722355166334 0 0.000495152558435526 0.0405936513046247 29 7971 63
A1S 0.191713623383714 0 0.000528777478023857 -0.868481068651819 104 7896 18
A1T 0.651390585061446 0 0.000535509172274695 0.199333255230969 34 7966 62
A1V 0.589993629495112 0 0.000511659111365808 -0.489247565217255 37 7963 57
A1W -0.152699241779841 0 0.000614773762163218 -0.0581350220408226 242 7758 1
A1Y -0.152106848058535 0 0.00059754875791731 0.356800630758897 229 7771 2
V2A 0.019771974614451 0 0.000582033244550865 0.0440916593871172 171 7829 11
V2C 0.0780334518348405 0 0.000583762575092472 0.103078544965839 156 7844 13
V2D 0.676701000358353 0 0.000520856942522595 0.890343848129752 30 7970 67
V2E -0.10881735103593 0 0.000557572894229721 0.184508276442726 190 7810 5
V2F 0.329781490005885 0 0.000460306637203042 0.577526139845751 59 7941 23
V2G 0.814350019673129 0 0.000584504027637276 0.219511222084979 25 7975 72
V2H -0.140013366208693 0 0.000569642282715936 0.0319034483991013 206 7794 3
V2I 0.743035003973656 0 0.000613164183289909 -0.0462736812113483 34 7966 70
V2K 0.431362797747521 0 0.000523136352324467 0.384848917333294 59 7941 36
V2L 0.339892716244891 0 0.000470147515073779 0.188121549492509 60 7940 26
V2M 0.526871290576599 0 0.000499321164132898 0.0656539186991881 42 7958 51
V2N 0.546033745539837 0 0.000531290050759435 -0.144800684144617 45 7955 54
V2P 0.674383325060616 0 0.000593676059884575 -0.310156153659608 39 7961 66
V2Q 0.524359574209324 0 0.000509636196209028 0.566429605337476 44 7956 50
V2R 0.417581305463501 0 0.000509407306861855 -0.837534344260713 58 7942 35
V2S 0.951706377398295 0 0.000577428884232101 -0.15151971255231 16 7984 73
V2T 0.690163702472116 0 0.000591567747481184 -0.181409155520217 37 7963 69
V2W -0.0561073194164798 0 0.000596441257834641 0.994000144308944 201 7799 6
V2Y 0.648846002951145 0 0.000516729913931763 -0.199089273934491 32 7968 61
S3A 0.406525774926459 0 0.000447423974994155 -0.0524873107041121 53 7947 32
S3C 0.58098152471128 0 0.000507039440558137 -0.0137784855476442 43 7957 55
S3D 0.477645387417028 0 0.000495352951956041 -0.563029610098428 54 7946 46
S3E 0.364855270855107 0 0.000479970601156952 0.134978606255862 67 7933 28
S3F -0.0106655354737841 0 0.000570671849418614 0.583013611036915 193 7807 9
S3G 0.448134212415262 0 0.000516215151732047 -0.34296591735839 63 7937 43
S3H 0.10875978073189 0 0.00051422588051785 -0.190762196519541 130 7870 14
S3I 0.467883474278359 0 0.000444921906852935 -0.192846675289066 45 7955 44
S3K 0.523257002124062 0 0.000526615588743332 0.214178800419282 54 7946 49
S3L 0.149879212007136 0 0.000555618989852577 0.177370895894456 140 7860 15
S3M 0.162503642214375 0 0.000534892855176272 0.538910082001459 127 7873 16
S3N 0.188293466446727 0 0.000544365917090369 0.157814837691722 125 7875 17
S3P 0.431709771852942 0 0.000466646457393534 0.0966230596859226 54 7946 37
S3Q 0.582715147667864 0 0.000526259384486751 0.343217653694418 46 7954 56
S3R 0.598683349287519 0 0.000481093503801198 0.387133147673868 37 7963 59
S3T 0.442041714764663 0 0.000463674937750512 0.154327755646463 52 7948 41
S3V 0.369212566601329 0 0.000455554161310701 -0.523681123800981 60 7940 29
S3W 0.342623481625252 0 0.000485036936101685 0.09234257353111 72 7928 27
S3Y 0.237161789300732 0 0.000485841000905466 -0.406536661880085 91 7909 20
T4A 0.303037609617239 0 0.000485268403955074 -1.07190480594071 79 7921 22
T4C 0.507883997019914 0 0.000459120253786569 -0.384789335902161 43 7957 48
T4D 0.431858876018962 0 0.000493142286850553 -0.528739878921064 60 7940 38
T4E 0.590562126830496 0 0.000496314383164307 0.915950275052188 40 7960 58
T4F -0.0202907425332746 0 0.000566719261065307 0.315622691594655 195 7805 8
T4G 0.436027963835753 0 0.000495766364678919 0.0230112535562854 60 7940 39
T4H 0.542252180695154 0 0.000504064099181353 0.395599431441642 47 7953 53
T4I 0.688601795907961 0 0.000541927589018191 0.0889555521066739 36 7964 68
T4K -0.113740718154049 0 0.000603073060305419 -0.505608651174392 250 7750 4
T4L 0.282206201626126 0 0.000486042888928547 0.768149346618923 83 7917 21
T4M 0.440458323680671 0 0.000467600220854587 -0.654015058037262 53 7947 40
T4N 0.506207795228312 0 0.000495314249029233 -0.0174840057289052 50 7950 47
T4P 0.661926748037282 0 0.000482512565377832 -0.489898157319602 31 7969 64
T4Q 0.612058282130844 0 0.000491633808299858 -0.391149451878083 37 7963 60
T4R 0.661957185253603 0 0.000498312771075536 -0.666245420774523 33 7967 65
T4S 0.390875699844939 0 0.000487777980230154 -0.619140153493213 65 7935 30
T4V 0.339644847509384 0 0.000503474785749593 0.32446332629015 78 7922 25
T4W 0.0126476659250268 0 0.00056747677795193 -0.0765905641764954 186 7814 10
T4Y 0.404286734465047 0 0.00048002132427982 -0.319872003016251 61 7939 31
