# --------------------
# version: 1
# protein:
#     name: GFP
#     organism: Aequorea victoria (Jellyfish)
#     sequence: AVST
#     uniprot: P42212
# gmma:
#     dG_wt: -1.123
# variants:
#     number: 76
# columns:
#     ddG: Calculated or random stability effects
# --------------------
#
variant ddG std std_mean ddG_init obs_act obs_inact rank
A1C 7.37858976298244 0 0.000285139282050608 -0.337111096358385 19 7981 34
A1D 9.30109213350991 0 0.000327666392833304 -0.0475324533543104 11 7989 64
A1E 4.94078606242938 0 0.000315890450083755 0.374935847141124 47 7953 22
A1F -4.12572269327282 0 0.000628313958390225 0.662025199348969 553 7447 4
A1G 8.07576095979269 0 0.000321300471129139 0.180505822430638 18 7982 52
A1H 0.495068520722866 0 0.00023302059034757 0.172410990625953 175 7825 14
A1I 7.49656715900319 0 0.000325111496051344 0.375662977945754 22 7978 39
A1K 0.0591935018253509 0 0.000256322044402653 0.197856384267469 186 7814 12
A1L 7.51518958694086 0 0.000330432098359809 -0.204835103009773 18 7982 41
A1M 7.24750572153289 0 0.000219979572859045 0.731372640276514 20 7980 32
A1N 9.35667081343437 0 0.000354205216705918 -0.172165822921989 12 7988 65
A1P 4.20652987597206 0 0.000331280033572094 -0.756038521455107 62 7938 21
A1Q 7.21677653388852 0 0.000225192955370498 -0.302528139219816 22 7978 29
A1R 7.79740214204299 0 0.000425203581551033 -1.06600988482894 19 7981 47
A1S 7.22893130931041 0 0.000223449662641506 0.329206128619296 20 7980 31
A1T 6.5833049152009 0 0.000283759636903075 -0.519654880010717 26 7974 26
A1V -1.05446058165531 0 0.000277590742516408 0.764460072358206 240 7760 6
A1W 7.2228089229489 0 0.000224284515061659 0.203908600507088 20 7980 30
A1Y 7.77307832246187 0 0.000280465397481997 -0.375640806321909 18 7982 46
V2A 10 0 0.00024137345074501 -0.61375026043077 1 7999 69
V2C 10 0 0.00024137345074501 -0.0254906586491358 1 7999 70
V2D 8.31271589720084 0 0.000328251561192932 -0.509200873828732 13 7987 57
V2E -3.11315492470681 0 0.000549383615242305 -0.268893000075596 441 7559 5
V2F 10 0 0.000343190784137122 0.586199830677615 2 7998 71
V2G 8.05897681941027 0 0.000451969699291489 0.246234526948958 16 7984 50
V2H 1.72742519305636 0 0.000266071346136127 0.496850055282397 106 7894 16
V2I 8.27892308570977 0 0.000333918331178023 0.056403292046496 13 7987 56
V2K 8.06758769841303 0 0.000106005637170117 -0.112262992054429 13 7987 51
V2L 10 0 0.000370419614329746 -0.430853191626905 3 7997 72
V2M -0.312741743646762 0 0.000210122715240004 0.329301696541938 202 7798 8
V2N 8.05417422501313 0 0.000105229525281818 0.366161096661829 13 7987 49
V2P -4.39635849503845 0 0.000670105361046894 -0.238938765870654 566 7434 1
V2Q 3.766034937506 0 0.000192704709731598 0.15720645925227 64 7936 17
V2R 8.61967218917393 0 0.000400712136367033 -0.619181132246327 13 7987 59
V2S 9.62524307631488 0 0.000279293483212046 -0.135741306691626 7 7993 68
V2T 8.70220514458283 0 0.000246337936407432 0.711662289514367 11 7989 60
V2W 8.1145043356719 0 0.000366500488330879 0.0123165346078116 13 7987 54
V2Y 8.73135512538461 0 0.000255979323300769 0.0651321703504596 11 7989 61
S3A 7.45825165738977 0 0.000233213285149872 -0.109661991790606 22 7978 37
S3C 9.42647086608672 0 0.000367119808153692 0.641668130787577 10 7990 66
S3D 7.96988752258507 0 0.000315432072238943 0.311027923822774 17 7983 48
S3E 8.08980580374612 0 0.000267167371819436 0.185404155169254 19 7981 53
S3F 0.0169816271438123 0 0.000210061301026089 -0.522922180570459 211 7789 11
S3G 0.396727819622326 0 0.000268500508398095 -0.138900930728966 185 7815 13
S3H 10 0 0.000340611584721789 0.919318361602096 3 7997 73
S3I -4.19573927587903 0 0.000677751641714922 1.0499758785982 593 7407 3
S3K 8.14111161587641 0 0.000365131911756489 0.395570855033938 18 7982 55
S3L -0.0707955608049141 0 0.000225188435587049 0.214283104807491 210 7790 9
S3M 7.45741521956207 0 0.000154629979255595 -0.172057003334887 21 7979 36
S3N 9.15608567642699 0 0.000338805606263838 0.421668857931991 12 7988 63
S3P 10 0 0.000302289054706001 0.522303434760547 2 7998 74
S3Q 7.53148448168386 0 0.000334549347586266 0.331614451502934 18 7982 42
S3R 6.6245975800002 0 0.000193331452930309 0.552124422294534 26 7974 27
S3T 6.63197459466351 0 0.000277189722549772 0.24870043195489 26 7974 28
S3V 7.42914131413564 0 0.000289600519456936 1.07749438743345 23 7977 35
S3W 10 0 0.000301826209014012 -0.850906636610711 5 7995 75
S3Y 4.02753633135628 0 0.000274727889591365 -0.678595568489593 72 7928 18
T4A 9.50222176545762 0 0.000334175717436612 0.296835863957413 10 7990 67
T4C 7.36731424145271 0 0.00014459951374063 0.438262748022315 21 7979 33
T4D 6.56930299964449 0 0.000304908558200039 -0.893614419879055 23 7977 25
T4E -4.26287565988246 0 0.000620225169688381 -0.0413598216473369 576 7424 2
T4F -0.392449521701241 0 0.00026627331033086 -0.686340166304089 207 7793 7
T4G 4.10781186656559 0 0.000280214177344687 -0.805582617410785 64 7936 19
T4H 6.38235298410597 0 0.000226496500978683 -0.0780381387504752 28 7972 23
T4I 10 0 0.000290978832040689 -0.720070482091609 4 7996 76
T4K 0.0143526248504854 0 0.000243371600096729 -0.33658178217602 189 7811 10
T4L 8.59605097564196 0 0.000431422769500439 -0.279853533915437 17 7983 58
T4M 7.68275736807791 0 0.000251890798328601 -0.121544353581761 19 7981 44
T4N 4.1454206079974 0 0.000303370546819891 -0.0273456751815118 63 7937 20
T4P 7.48928382751167 0 0.000210376932606763 0.461719757684602 20 7980 38
T4Q 7.5020889948601 0 0.000210845855861506 -0.204368597632435 20 7980 40
T4R 8.90277239961068 0 0.000202376230844928 -0.280584915389231 13 7987 62
T4S 7.55151626773086 0 0.000314951706302443 0.748256032180141 22 7978 43
T4V 0.61311081079638 0 0.000282993905726323 -0.0208262804012161 166 7834 15
T4W 6.41694864540733 0 0.00027159022027588 0.0727585935003429 29 7971 24
T4Y 7.73468285210022 0 0.000294002927066757 0.487624777231958 20 7980 45
