 dG_wt_fit dG_wt_true      B_D    B_max  cor_s  cor_all  cor_low  cor_p_stab  cor_p_neu  cor_p_dest cor_s_stab  cor_s_neu  cor_s_dest cor_p_neustab cor_s_neustab    slope    inter  frac_act  rss scan p1_-1_ddG p1_-1_rank p1_0_ddG p1_0_rank p1_1_ddG p1_1_rank p2_-1_ddG p2_-1_rank p2_0_ddG p2_0_rank p2_1_ddG p2_1_rank p3_-1_ddG p3_-1_rank p3_0_ddG p3_0_rank p3_1_ddG p3_1_rank p4_-1_ddG p4_-1_rank p4_0_ddG p4_0_rank p4_1_ddG p4_1_rank 
 3.936   2.780    0.000    1.000  0.990    0.994    0.994     0.970    0.954     0.935  0.976    0.914     0.959    0.987    0.990    1.410    0.226   0.011  397.405 -4.000  -0.814 20.000 0.174 29.000 0.180 30.000 -1.701 16.000 -0.116 25.000 1.526 32.000 -1.591 17.000 -0.052 27.000 1.724 34.000 -1.729 15.000 -0.069 26.000 1.579 33.000
 3.619   2.663    0.000    1.000  0.995    0.987    0.987     0.872    0.774     0.991  0.822    0.757     0.995    0.937    0.931    1.443    0.559   0.011  357.500 -4.000  -0.059 24.000 1.206 30.000 1.382 31.000 -1.958 12.000 -0.053 25.000 1.849 33.000 -1.982 11.000 -0.145 22.000 1.862 34.000 -2.003 10.000 -0.086 23.000 1.811 32.000
 3.573   2.877    0.000    1.000  0.982    0.992    0.992     0.952    0.954     0.938  0.940    0.957     0.923    0.978    0.981    1.281    0.312   0.011  377.597 -4.000  -0.717 19.000 0.361 28.000 0.501 29.000 -1.652 15.000 -0.048 27.000 1.492 32.000 -1.603 16.000 -0.055 26.000 1.596 34.000 -1.661 14.000 -0.085 25.000 1.576 33.000
 3.958   2.980    0.000    1.000  0.991    0.991    0.991     0.949    0.993     0.945  0.919    0.938     0.968    0.973    0.974    1.271    0.262   0.011  433.110 -4.000  -0.934 20.000 0.039 29.000 0.174 30.000 -1.660 13.000 -0.039 27.000 1.547 33.000 -1.649 14.000 -0.052 26.000 1.446 32.000 -1.608 15.000 -0.074 25.000 1.687 34.000
 3.283   3.085    0.000    1.000  0.984    0.963    0.963     0.776    0.618     0.981  0.676    0.836     0.981    0.816    0.795    1.247    0.896   0.011  350.362 -4.000  0.966 28.000 1.707 32.000 1.889 37.000 -1.960 8.000 -0.142 21.000 1.715 34.000 -1.967 7.000 -0.094 22.000 1.710 33.000 -1.908 9.000 -0.061 23.000 1.771 35.000
 3.900   2.116    0.000    1.000  0.993    0.995    0.995     0.947    0.851     0.982  0.929    0.853     0.976    0.969    0.969    1.765    0.278   0.011  354.914 -3.500  -1.064 20.000 0.891 29.000 2.228 34.000 -2.195 11.000 -0.119 24.000 1.916 31.000 -2.144 15.000 -0.085 26.000 2.025 33.000 -2.090 16.000 -0.107 25.000 1.993 32.000
 3.806   2.409    0.000    1.000  0.992    0.995    0.995     0.980    0.924     0.953  0.927    0.906     0.975    0.990    0.968    1.463    0.118   0.011  439.498 -3.500  -1.215 19.000 0.198 27.000 0.036 26.000 -1.658 15.000 -0.094 24.000 1.686 34.000 -1.733 14.000 -0.133 23.000 1.565 33.000 -1.772 13.000 -0.093 25.000 1.532 32.000
 2.584   2.503    0.000    1.000  0.982    0.977    0.977     0.865    0.631     0.977  0.573    0.838     0.976    0.864    0.799    1.216    0.626   0.011  367.761 -3.500  0.170 25.000 1.425 30.000 1.557 32.000 -1.604 4.000 -0.096 23.000 1.601 34.000 -1.646 3.000 -0.101 21.000 1.534 31.000 -1.592 6.000 -0.097 22.000 1.587 33.000
 3.224   2.463    0.000    1.000  0.986    0.992    0.992     0.947    0.621     0.944  0.820    0.600     0.957    0.967    0.933    1.238    0.245   0.011  391.020 -3.500  -0.714 20.000 0.429 29.000 0.866 31.000 -1.545 11.000 -0.071 24.000 1.413 32.000 -1.567 10.000 -0.053 25.000 1.444 33.000 -1.497 12.000 -0.092 23.000 1.525 34.000
 3.574   2.673    0.000    1.000  0.991    0.990    0.990     0.970    0.992     0.945  0.914    0.969     0.968    0.981    0.973    1.310    0.191   0.011  420.599 -3.500  -0.890 19.000 -0.204 24.000 0.042 28.000 -1.581 11.000 -0.146 25.000 1.391 35.000 -1.511 13.000 -0.117 26.000 1.372 34.000 -1.561 12.000 -0.095 27.000 1.282 33.000
 3.207   1.956    0.000    1.000  0.992    0.993    0.993     0.945    0.921     0.983  0.857    0.761     0.983    0.957    0.931    1.609    0.302   0.011  347.203 -3.000  -1.266 13.000 0.411 28.000 1.731 32.000 -1.976 7.000 -0.109 25.000 1.835 33.000 -1.979 6.000 -0.149 23.000 1.837 34.000 -1.918 9.000 -0.115 24.000 1.961 35.000
 2.848   1.835    0.000    1.000  0.991    0.996    0.996     0.965    0.812     0.989  0.834    0.783     0.978    0.975    0.935    1.478    0.184   0.011  351.010 -3.000  -1.190 13.000 0.372 28.000 1.531 30.000 -1.749 6.000 -0.126 25.000 1.630 32.000 -1.737 7.000 -0.099 26.000 1.694 34.000 -1.781 5.000 -0.141 23.000 1.633 33.000
 3.116   1.757    0.000    1.000  0.988    0.994    0.994     0.950    0.700     0.980  0.723    0.531     0.978    0.960    0.880    1.710    0.247   0.011  319.416 -3.000  -1.477 16.000 0.547 29.000 1.888 33.000 -2.086 6.000 -0.122 23.000 1.828 32.000 -2.120 5.000 -0.120 24.000 1.722 31.000 -2.012 7.000 -0.076 27.000 1.962 34.000
 3.744   2.073    0.000    1.000  0.994    0.996    0.996     0.990    0.994     0.968  0.982    0.975     0.977    0.990    0.988    1.612   -0.096   0.011  408.000 -3.000  -1.546 14.000 0.028 26.000 0.556 30.000 -1.671 11.000 -0.143 23.000 1.407 32.000 -1.664 12.000 -0.099 24.000 1.562 35.000 -1.704 10.000 -0.093 25.000 1.452 33.000
 3.047   1.983    0.000    1.000  0.987    0.992    0.992     0.918    0.855     0.980  0.848    0.853     0.961    0.938    0.936    1.560    0.354   0.011  339.664 -3.000  -1.133 15.000 0.665 29.000 1.884 34.000 -1.998 5.000 -0.094 24.000 1.747 31.000 -1.956 8.000 -0.086 25.000 1.834 32.000 -1.980 7.000 -0.071 26.000 1.874 33.000
 2.712   1.435    0.000    1.000  0.996    0.998    0.998     0.994    0.948     0.982  0.989    0.944     0.983    0.995    0.994    1.879    0.106   0.011  326.064 -2.500  -1.617 8.000 0.402 26.000 2.122 35.000 -2.021 5.000 -0.099 22.000 1.858 32.000 -2.004 7.000 -0.078 23.000 1.907 33.000 -2.012 6.000 -0.071 24.000 1.952 34.000
 2.865   1.299    0.000    1.000  0.993    0.996    0.996     0.970    0.835     0.985  0.982    0.803     0.983    0.973    0.955    2.032    0.159   0.011  314.986 -2.500  -1.689 6.000 0.518 28.000 2.786 37.000 -2.334 5.000 -0.085 22.000 2.200 31.000 -2.358 4.000 -0.089 21.000 2.207 32.000 -2.370 3.000 -0.095 20.000 2.224 33.000
 3.018   1.585    0.000    1.000  0.986    0.993    0.993     0.978    0.338     0.972  0.962    0.285     0.963    0.957    0.902    1.892    0.216   0.011  303.286 -2.500  -1.453 8.000 0.746 30.000 2.747 36.000 -2.160 5.000 -0.061 22.000 2.075 33.000 -2.182 4.000 -0.050 23.000 2.034 32.000 -2.234 3.000 -0.111 19.000 1.868 31.000
 3.025   1.458    0.000    1.000  0.992    0.996    0.996     0.991    0.667     0.982  0.967    0.587     0.987    0.979    0.923    1.848    0.109   0.011  311.238 -2.500  -1.753 8.000 0.402 26.000 2.195 35.000 -2.076 4.000 -0.070 18.000 2.015 34.000 -2.070 5.000 -0.057 19.000 1.988 33.000 -2.051 6.000 -0.079 17.000 1.972 32.000
 3.353   1.149    0.000    1.000  0.995    0.998    0.998     0.978    0.979     0.985  0.981    0.941     0.985    0.990    0.982    2.449    0.015   0.011  307.667 -2.500  -2.440 6.000 0.082 24.000 2.649 35.000 -2.730 3.000 -0.073 23.000 2.508 32.000 -2.717 5.000 -0.093 22.000 2.520 33.000 -2.728 4.000 -0.133 20.000 2.524 34.000
 3.550   1.159    0.000    1.000  0.994    0.996    0.996     0.968    0.965     0.983  0.875    0.909     0.982    0.982    0.970    2.622    0.083   0.011  283.195 -2.000  -2.405 7.000 0.223 23.000 3.464 36.000 -2.993 5.000 -0.104 17.000 2.769 31.000 -3.003 3.000 -0.047 18.000 2.832 33.000 -2.993 4.000 0.005 20.000 2.792 32.000
 3.343   1.120    0.000    1.000  0.998    0.997    0.997     0.975    0.988     0.990  0.845    0.989     0.993    0.985    0.993    2.416   -0.047   0.011  380.602 -2.000  -2.518 6.000 0.006 21.000 2.533 35.000 -2.610 5.000 -0.055 20.000 2.520 34.000 -2.682 4.000 -0.101 18.000 2.482 32.000 -2.752 3.000 -0.099 19.000 2.519 33.000
 3.464   1.035    0.000    1.000  0.991    0.997    0.997     0.995    0.941     0.972  0.931    0.954     0.968    0.992    0.981    2.804   -0.067   0.011  281.318 -2.000  -2.807 6.000 0.094 22.000 2.990 33.000 -3.099 3.000 -0.123 18.000 2.925 31.000 -3.008 5.000 -0.058 21.000 2.932 32.000 -3.054 4.000 -0.074 20.000 3.084 34.000
 2.899   1.000    0.000    1.000  0.988    0.996    0.996     0.975    0.903     0.986  0.808    0.943     0.960    0.973    0.974    3.054    0.271   0.011  257.993 -2.000  -2.860 7.000 0.188 22.000 3.506 35.000 -3.414 3.000 -0.095 18.000 3.275 32.000 -3.221 5.000 -0.060 19.000 3.211 31.000 -3.339 4.000 -0.059 20.000 3.336 34.000
 2.581   0.999    0.000    1.000  0.993    0.992    0.992     0.951    0.875     0.962  0.931    0.910     0.980    0.974    0.965    2.782    0.324   0.011  269.714 -2.000  -2.602 7.000 0.322 18.000 3.126 34.000 -2.944 6.000 -0.080 16.000 2.997 31.000 -3.050 4.000 -0.130 14.000 3.090 33.000 -3.004 5.000 -0.108 15.000 3.017 32.000
 1.653   0.409    0.000    1.000  0.993    0.997    0.997     0.979    0.963     0.987  0.845    0.951     0.981    0.992    0.976    3.187    0.051   0.011  247.877 -1.500  -3.120 6.000 0.180 15.000 3.814 33.000 -3.450 4.000 -0.083 13.000 3.376 32.000 -3.440 5.000 -0.001 14.000 3.291 30.000 -3.465 3.000 -0.160 11.000 3.344 31.000
 2.037   0.446    0.000    1.000  0.995    0.993    0.993     0.924    0.987     0.971  0.895    0.951     0.988    0.994    0.982    4.310    0.186   0.011  249.475 -1.500  -4.148 6.000 0.215 15.000 4.679 32.000 -4.609 5.000 -0.076 13.000 4.649 31.000 -4.637 4.000 -0.124 12.000 4.487 30.000 -4.663 3.000 -0.173 11.000 4.434 29.000
 1.683   0.243    0.000    1.000  0.988    0.992    0.992     0.886    0.979     0.964  0.823    0.959     0.970    0.996    0.981    4.358    0.003   0.011  220.535 -1.500  -4.488 6.000 0.087 14.000 4.531 31.000 -4.665 4.000 -0.049 12.000 4.415 28.000 -4.622 5.000 -0.010 13.000 4.575 33.000 -4.745 3.000 -0.165 11.000 4.315 26.000
 1.096   0.282    0.000    1.000  0.993    0.995    0.995     0.997    0.967     0.984  0.845    0.950     0.983    0.996    0.980    2.976    0.118   0.011  231.372 -1.500  -3.067 6.000 0.093 12.000 3.532 31.000 -3.266 3.000 -0.099 8.000 2.979 25.000 -3.185 5.000 -0.045 10.000 3.160 27.000 -3.242 4.000 -0.069 9.000 3.038 26.000
 1.539   0.480    0.000    1.000  0.997    0.997    0.997     0.995    0.970     0.990  0.906    0.933     0.993    0.996    0.976    2.539    0.016   0.011  273.391 -1.500  -2.422 6.000 0.067 14.000 2.499 30.000 -2.713 3.000 -0.079 11.000 2.565 32.000 -2.707 5.000 -0.149 10.000 2.500 31.000 -2.709 4.000 -0.045 13.000 2.581 33.000
-0.593  -0.215    0.000    1.000  0.995    0.992    0.992     0.998    0.999     0.977  0.707    0.969     0.990    1.000    0.982    3.969    0.101   0.011  215.399 -1.000  -4.211 4.000 -0.132 8.000 4.117 27.000 -4.230 2.000 -0.122 9.000 4.081 26.000 -4.242 1.000 -0.055 11.000 4.131 28.000 -4.226 3.000 -0.109 10.000 4.020 24.000
-0.268  -0.008    0.000    1.000  0.990    0.981    0.981     0.998    0.995     0.943  0.778    0.969     0.981    0.998    0.982    3.843    0.354   0.011  218.123 -1.000  -4.006 4.000 -0.048 13.000 3.843 25.000 -4.099 3.000 -0.050 12.000 4.148 30.000 -4.150 2.000 -0.101 10.000 3.895 29.000 -4.195 1.000 -0.086 11.000 3.876 26.000
 2.618   0.442    0.000    1.000  0.993    0.994    0.994     0.924    0.961     0.974  0.939    0.812     0.986    0.995    0.970    3.945   -0.064   0.011  212.857 -1.000  -4.099 6.000 0.107 15.000 4.659 33.000 -4.278 5.000 -0.070 14.000 3.961 23.000 -4.372 4.000 -0.215 11.000 3.875 22.000 -4.488 3.000 -0.160 12.000 3.805 21.000
 1.391   0.214    0.000    1.000  0.995    0.997    0.997     0.956    0.996     0.985  0.906    0.975     0.987    0.998    0.989    4.216   -0.013   0.011  240.605 -1.000  -4.329 5.000 -0.025 12.000 4.749 29.000 -4.456 3.000 -0.146 10.000 4.210 26.000 -4.387 4.000 -0.121 11.000 4.118 23.000 -4.473 2.000 -0.177 9.000 4.160 25.000
 0.824   0.057    0.000    1.000  0.994    0.993    0.993     0.995    0.978     0.971  0.845    0.930     0.987    0.996    0.975    4.211   -0.026   0.011  208.805 -1.000  -4.431 3.000 0.230 13.000 4.336 25.000 -4.433 2.000 -0.043 10.000 4.356 26.000 -4.378 5.000 -0.055 9.000 4.271 23.000 -4.397 4.000 0.040 12.000 4.377 27.000
-0.713  -0.051    0.000    1.000  0.990    0.993    0.993     0.991    0.977     0.972  0.845    0.957     0.980    0.997    0.982    4.059    0.235   0.011  206.831 -0.900  -4.013 3.000 -0.012 11.000 3.873 20.000 -3.959 4.000 -0.081 9.000 3.986 22.000 -4.129 1.000 -0.000 12.000 4.050 24.000 -4.026 2.000 -0.072 10.000 3.986 23.000
 1.378   0.176    0.000    1.000  0.994    0.995    0.995     0.994    0.997     0.975  0.906    0.827     0.989    0.997    0.963    4.730   -0.012   0.011  221.376 -0.900  -4.814 4.000 -0.116 11.000 4.772 24.000 -4.915 3.000 -0.079 13.000 4.685 22.000 -4.999 1.000 -0.042 15.000 4.970 25.000 -4.967 2.000 -0.101 12.000 4.724 23.000
 1.647   0.288    0.000    1.000  0.996    0.998    0.998     0.996    0.995     0.990  0.845    0.977     0.993    0.998    0.988    3.423   -0.090   0.011  239.158 -0.900  -3.517 6.000 0.000 13.000 3.490 26.000 -3.660 3.000 -0.096 10.000 3.561 27.000 -3.632 4.000 -0.061 12.000 3.334 25.000 -3.546 5.000 -0.070 11.000 3.297 24.000
 0.572   0.001    0.000    1.000  0.993    0.994    0.994     0.993    0.996     0.975  0.845    0.975     0.985    0.999    0.988    4.296   -0.011   0.011  233.562 -0.900  -4.448 5.000 0.091 12.000 4.818 27.000 -4.564 4.000 -0.089 10.000 4.454 24.000 -4.571 3.000 -0.064 11.000 4.454 25.000 -4.619 2.000 -0.094 9.000 4.548 26.000
 1.008   0.055    0.000    1.000  0.993    0.991    0.991     0.994    0.989     0.958  0.845    0.969     0.985    0.992    0.985    4.396   -0.069   0.011  214.548 -0.900  -4.761 2.000 -0.078 12.000 4.775 25.000 -4.667 4.000 -0.057 13.000 4.606 22.000 -4.933 1.000 -0.122 11.000 4.773 24.000 -4.750 3.000 -0.031 14.000 4.653 23.000
-0.972  -0.223    0.000    1.000  0.986    0.996    0.996     0.997    0.987     0.981  0.707    0.968     0.972    0.996    0.979    4.121    0.100   0.011  211.460 -0.800  -4.086 4.000 0.035 12.000 4.218 26.000 -4.194 2.000 -0.026 9.000 4.235 27.000 -4.279 1.000 -0.007 11.000 4.168 22.000 -4.091 3.000 -0.009 10.000 4.171 24.000
 0.931   0.126    0.000    1.000  0.992    0.997    0.997     0.999    0.997     0.983  0.707    0.980     0.983    0.997    0.988    3.507   -0.091   0.011  235.207 -0.800  -3.510 5.000 -0.045 12.000 3.385 24.000 -3.549 4.000 -0.084 10.000 3.379 23.000 -3.581 2.000 -0.027 13.000 3.318 22.000 -3.557 3.000 -0.061 11.000 3.433 25.000
-0.763  -0.209    0.000    1.000  0.993    0.994    0.994     0.677    0.995     0.982  0.845    0.845     0.989    0.998    0.964    4.131    0.183   0.011  209.082 -0.800  -4.075 5.000 0.178 11.000 4.377 25.000 -4.349 4.000 -0.060 9.000 4.156 20.000 -4.374 2.000 -0.016 10.000 4.166 21.000 -4.373 3.000 -0.099 8.000 4.296 24.000
 0.856   0.018    0.000    1.000  0.985    0.994    0.994     0.997    0.992     0.977  0.845    0.940     0.971    0.998    0.978    4.479   -0.042   0.011  212.243 -0.800  -4.737 4.000 0.022 12.000 5.268 28.000 -4.816 3.000 -0.108 11.000 5.175 25.000 -4.828 2.000 0.030 13.000 5.016 23.000 -4.971 1.000 -0.118 10.000 4.722 22.000
-0.978  -0.200    0.000    1.000  0.994    0.994    0.994     0.990    0.991     0.979  0.707    0.930     0.988    0.998    0.970    4.107    0.183   0.011  220.807 -0.800  -4.024 4.000 0.132 12.000 4.253 24.000 -4.273 1.000 -0.163 8.000 4.267 25.000 -4.138 3.000 0.070 11.000 4.126 23.000 -4.204 2.000 -0.057 9.000 4.361 26.000
 2.140   0.430    0.000    1.000  0.994    0.996    0.996     0.955    0.996     0.978  0.906    0.957     0.989    0.997    0.985    4.060    0.026   0.011  238.642 -0.700  -4.042 6.000 -0.093 13.000 3.906 19.000 -4.372 3.000 -0.182 12.000 4.110 21.000 -4.277 4.000 -0.192 11.000 3.741 18.000 -4.273 5.000 -0.072 14.000 3.915 20.000
-0.323  -0.057    0.000    1.000  0.992    0.994    0.994     0.936    0.987     0.978  0.707    0.957     0.985    0.997    0.978    4.224    0.170   0.011  229.173 -0.700  -4.169 4.000 0.034 13.000 4.210 21.000 -4.432 1.000 -0.027 12.000 4.346 25.000 -4.362 2.000 -0.087 10.000 4.293 23.000 -4.271 3.000 -0.045 11.000 4.271 22.000
-0.967  -0.218    0.000    1.000  0.994    0.995    0.995     0.994    0.992     0.977  0.845    0.957     0.988    0.997    0.982    3.944    0.109   0.011  211.608 -0.700  -4.018 4.000 0.023 11.000 4.010 21.000 -4.075 2.000 -0.130 8.000 3.781 19.000 -3.982 5.000 -0.025 10.000 3.750 18.000 -4.043 3.000 -0.034 9.000 3.934 20.000
 0.857   0.033    0.000    1.000  0.994    0.993    0.993     0.963    0.972     0.971  0.845    0.969     0.989    0.996    0.985    4.008   -0.025   0.011  227.280 -0.700  -4.191 4.000 0.142 13.000 4.315 26.000 -4.254 3.000 -0.125 11.000 4.057 22.000 -4.282 2.000 -0.142 10.000 4.017 21.000 -4.173 5.000 0.021 12.000 4.074 23.000
 0.873   0.076    0.000    1.000  0.993    0.980    0.980     0.999    0.991     0.923  0.845    0.969     0.987    0.998    0.985    4.032    0.197   0.011  234.335 -0.700  -4.475 4.000 0.032 15.000 4.632 22.000 -4.561 3.000 -0.027 14.000 4.663 24.000 -4.626 1.000 -0.093 12.000 4.396 18.000 -4.601 2.000 -0.043 13.000 4.514 21.000
-0.507  -0.176    0.000    1.000  0.993    0.994    0.994     0.985    0.972     0.981  0.707    0.969     0.987    0.996    0.982    4.033    0.083   0.011  223.639 -0.600  -4.074 4.000 -0.016 11.000 4.087 24.000 -4.165 3.000 -0.033 10.000 4.085 23.000 -4.229 2.000 -0.075 9.000 4.159 27.000 -4.320 1.000 -0.078 8.000 4.121 25.000
-0.870  -0.249    0.000    1.000  0.989    0.994    0.994     0.577    0.993     0.968  0.354    0.975     0.977    0.995    0.979    3.966    0.107   0.011  219.848 -0.600  -3.966 5.000 -0.077 9.000 3.770 20.000 -4.000 4.000 -0.062 10.000 3.805 21.000 -4.009 3.000 -0.057 11.000 3.703 18.000 -4.103 1.000 -0.125 8.000 3.763 19.000
 1.632   0.131    0.000    1.000  0.992    0.995    0.995     0.978    0.989     0.974  0.957    0.845     0.985    0.997    0.982    4.068   -0.123   0.011  211.311 -0.600  -4.220 5.000 0.016 14.000 4.282 23.000 -4.448 3.000 -0.114 13.000 3.993 18.000 -4.434 4.000 -0.125 12.000 4.010 19.000 -4.453 2.000 -0.183 11.000 4.031 21.000
-1.016  -0.234    0.000    1.000  0.979    0.995    0.995     0.991    0.980     0.971  0.707    0.907     0.958    0.997    0.963    4.155    0.144   0.011  209.502 -0.600  -4.064 4.000 0.143 14.000 4.058 19.000 -4.109 2.000 -0.040 12.000 4.126 21.000 -4.083 3.000 0.010 13.000 4.286 22.000 -4.368 1.000 -0.091 10.000 4.062 20.000
-0.624  -0.139    0.000    1.000  0.989    0.994    0.994     0.999    0.996     0.977  0.707    0.957     0.980    1.000    0.978    4.136    0.123   0.011  212.084 -0.600  -4.162 2.000 -0.051 10.000 4.161 25.000 -4.148 3.000 -0.003 12.000 4.118 22.000 -4.135 4.000 0.017 13.000 4.028 19.000 -4.233 1.000 -0.011 11.000 4.171 26.000
-1.259  -0.295    0.000    1.000  0.988    0.983    0.983        NA    0.985     0.940     NA    0.969     0.977    0.997    0.978    3.985    0.331   0.011  213.327 -0.500  -4.025 4.000 0.061 12.000 4.365 21.000 -4.260 1.000 -0.070 9.000 4.208 18.000 -4.106 3.000 0.008 11.000 4.116 16.000 -4.255 2.000 -0.066 10.000 4.151 17.000
-1.845  -0.405    0.000    1.000  0.980    0.995    0.995        NA    0.997     0.978     NA    0.957     0.964    0.999    0.973    4.515    0.090   0.011  203.338 -0.500  -4.606 1.000 -0.075 8.000 4.459 20.000 -4.491 4.000 0.025 11.000 4.410 19.000 -4.598 2.000 -0.043 9.000 4.471 21.000 -4.554 3.000 0.021 10.000 4.534 22.000
-0.972  -0.248    0.000    1.000  0.992    0.994    0.994     0.997    0.992     0.973  0.707    0.969     0.985    0.999    0.982    4.138    0.139   0.011  219.354 -0.500  -4.199 3.000 -0.037 12.000 4.351 20.000 -4.190 4.000 0.059 13.000 4.469 23.000 -4.353 1.000 -0.094 10.000 4.120 17.000 -4.267 2.000 -0.042 11.000 4.378 21.000
-1.224  -0.298    0.000    1.000  0.982    0.995    0.995     0.992    0.994     0.978  0.707    0.957     0.967    0.999    0.978    3.962    0.087   0.011  205.312 -0.500  -3.998 3.000 -0.155 9.000 3.597 17.000 -4.022 2.000 -0.063 11.000 3.771 19.000 -3.895 4.000 -0.051 12.000 3.978 22.000 -4.106 1.000 -0.135 10.000 3.850 20.000
-0.798  -0.144    0.000    1.000  0.992    0.990    0.990     0.992    0.986     0.956  0.707    0.977     0.983    0.996    0.985    3.979    0.280   0.011  228.410 -0.500  -3.930 4.000 0.119 14.000 4.253 20.000 -4.248 1.000 -0.081 11.000 4.055 19.000 -4.161 2.000 0.013 13.000 4.273 21.000 -4.152 3.000 0.000 12.000 4.008 18.000
-0.572  -0.141    0.000    1.000  0.992    0.988    0.988     0.953    0.996     0.945  0.707    0.969     0.985    0.998    0.982    4.186    0.242   0.011  236.411 -0.400  -4.271 4.000 -0.062 11.000 4.482 20.000 -4.443 1.000 -0.089 10.000 4.187 17.000 -4.394 2.000 -0.042 12.000 4.226 18.000 -4.335 3.000 0.040 13.000 4.302 19.000
-1.762  -0.565    0.000    1.000  0.960    0.989    0.989        NA    0.994     0.952     NA    0.844     0.926    0.998    0.933    3.928    0.022   0.011  193.982 -0.400  -3.896 4.000 0.015 11.000 3.910 18.000 -4.117 1.000 -0.114 9.000 4.001 19.000 -3.940 3.000 0.059 12.000 4.085 20.000 -4.051 2.000 -0.042 10.000 4.229 22.000
-0.490  -0.098    0.000    1.000  0.991    0.994    0.994     0.998    0.993     0.966  0.707    0.968     0.982    0.999    0.982    4.203    0.154   0.011  216.640 -0.400  -4.191 4.000 0.025 15.000 4.087 18.000 -4.226 3.000 -0.005 14.000 4.158 19.000 -4.327 1.000 -0.070 12.000 3.941 17.000 -4.292 2.000 -0.018 13.000 4.190 20.000
-1.288  -0.415    0.000    1.000  0.994    0.995    0.995     0.614    0.991     0.977  0.707    0.957     0.988    0.998    0.978    3.857    0.063   0.011  218.188 -0.400  -3.924 5.000 0.059 10.000 4.125 21.000 -4.083 2.000 -0.048 8.000 3.903 19.000 -3.932 4.000 0.073 11.000 4.046 20.000 -4.082 3.000 0.043 9.000 3.837 18.000
-1.134  -0.269    0.000    1.000  0.991    0.994    0.994     0.977    0.997     0.963  0.845    0.940     0.982    0.999    0.978    4.326    0.145   0.011  214.849 -0.400  -4.296 4.000 0.047 11.000 4.440 20.000 -4.383 3.000 -0.010 10.000 4.340 19.000 -4.623 1.000 -0.067 8.000 4.245 17.000 -4.462 2.000 -0.021 9.000 4.265 18.000
-1.222  -0.287    0.000    1.000  0.989    0.992    0.992        NA    0.997     0.951     NA    0.975     0.977    0.999    0.982    4.327    0.188   0.011  210.028 -0.300  -4.245 4.000 0.111 13.000 4.333 18.000 -4.323 2.000 -0.030 12.000 4.305 17.000 -4.273 3.000 -0.051 11.000 4.492 22.000 -4.356 1.000 -0.053 10.000 4.477 21.000
-1.650  -0.498    0.000    1.000  0.976    0.989    0.989        NA    0.988     0.945     NA    0.977     0.955    0.998    0.982    4.016    0.110   0.011  215.091 -0.300  -4.042 4.000 0.014 12.000 4.350 20.000 -4.172 1.000 -0.087 9.000 3.936 16.000 -4.164 2.000 -0.066 11.000 4.300 18.000 -4.108 3.000 -0.070 10.000 4.326 19.000
 0.867   0.041    0.000    1.000  0.993    0.995    0.995     0.999    0.996     0.978  0.906    0.957     0.986    0.999    0.985    4.296   -0.050   0.011  225.729 -0.300  -4.637 2.000 -0.050 13.000 4.429 21.000 -4.674 1.000 -0.161 11.000 4.428 20.000 -4.600 4.000 -0.010 14.000 4.464 22.000 -4.629 3.000 -0.080 12.000 4.551 24.000
-1.175  -0.241    0.000    1.000  0.979    0.994    0.994     0.996    0.989     0.965  0.845    0.957     0.959    0.998    0.982    4.017    0.134   0.011  200.245 -0.300  -3.989 4.000 -0.047 8.000 3.909 18.000 -4.113 1.000 -0.025 9.000 3.899 17.000 -4.073 2.000 0.031 11.000 4.140 20.000 -4.022 3.000 0.000 10.000 4.020 19.000
-0.811  -0.303    0.000    1.000  0.986    0.993    0.993     1.000    0.995     0.961  0.707    0.968     0.971    0.999    0.982    4.131    0.053   0.011  210.604 -0.300  -4.329 2.000 -0.153 9.000 4.134 18.000 -4.345 1.000 -0.089 10.000 4.217 19.000 -4.329 3.000 0.091 12.000 4.411 21.000 -4.311 4.000 -0.077 11.000 4.381 20.000
-0.867  -0.299    0.000    1.000  0.995    0.997    0.997     0.994    0.994     0.983  0.707    0.930     0.990    0.998    0.970    4.222    0.020   0.011  215.341 -0.200  -4.452 2.000 0.009 11.000 4.447 18.000 -4.329 4.000 0.027 12.000 4.563 20.000 -4.503 1.000 -0.068 9.000 4.433 17.000 -4.378 3.000 -0.021 10.000 4.523 19.000
-2.864  -0.549    0.000    1.000  0.978    0.987    0.987        NA    0.967     0.938     NA    0.977     0.957    0.997    0.982    4.177    0.339   0.011  214.048 -0.200  -3.989 4.000 0.134 8.000 4.104 19.000 -4.057 3.000 -0.027 7.000 4.156 20.000 -4.237 1.000 -0.126 6.000 4.087 18.000 -4.136 2.000 -0.164 5.000 3.945 17.000
-1.168  -0.215    0.000    1.000  0.992    0.990    0.990     0.999    0.993     0.945  0.845    0.969     0.984    0.999    0.985    3.990    0.256   0.011  230.135 -0.200  -4.077 2.000 -0.048 9.000 4.106 17.000 -4.059 3.000 -0.019 10.000 4.197 19.000 -3.986 4.000 0.061 12.000 4.198 20.000 -4.090 1.000 0.042 11.000 4.492 21.000
-0.528  -0.187    0.000    1.000  0.989    0.996    0.996     0.998    0.986     0.976  0.845    0.969     0.978    0.998    0.985    4.026    0.074   0.011  209.050 -0.200  -4.133 4.000 0.010 14.000 4.216 20.000 -4.134 3.000 -0.007 13.000 4.051 17.000 -4.194 1.000 -0.022 12.000 4.141 18.000 -4.161 2.000 -0.104 11.000 4.156 19.000
-1.123  -0.300    0.000    1.000  0.959    0.992    0.992     0.981    0.987     0.950  0.707    0.954     0.916    0.997    0.978    4.224    0.113   0.011  204.835 -0.200  -4.126 4.000 0.059 12.000 4.207 21.000 -4.396 1.000 -0.313 8.000 3.766 17.000 -4.196 3.000 -0.071 9.000 4.028 18.000 -4.263 2.000 0.014 10.000 4.108 19.000
-0.941  -0.278    0.000    1.000  0.990    0.995    0.995     0.939    0.991     0.974  0.707    0.977     0.980    0.997    0.985    3.786    0.052   0.011  202.204 -0.100  -3.927 1.000 0.007 13.000 3.695 19.000 -3.739 4.000 -0.089 11.000 3.831 22.000 -3.837 2.000 -0.149 10.000 3.377 17.000 -3.773 3.000 -0.001 12.000 3.755 21.000
-0.688  -0.327    0.000    1.000  0.984    0.995    0.995     0.954    0.995     0.974  0.707    0.969     0.970    0.999    0.982    4.040   -0.011   0.011  210.910 -0.100  -4.279 3.000 -0.113 9.000 4.204 18.000 -4.339 2.000 -0.095 10.000 4.272 20.000 -4.228 4.000 0.060 12.000 4.234 19.000 -4.386 1.000 -0.060 11.000 4.169 17.000
-1.054  -0.346    0.000    1.000  0.989    0.992    0.992        NA    0.986     0.959     NA    0.938     0.981    0.997    0.967    4.447    0.031   0.011  220.704 -0.100  -4.548 4.000 0.055 12.000 4.691 18.000 -4.619 2.000 0.103 13.000 4.652 17.000 -4.602 3.000 0.030 11.000 4.760 20.000 -4.786 1.000 -0.172 9.000 4.712 19.000
-2.013  -0.552    0.000    1.000  0.989    0.995    0.995        NA    0.984     0.978     NA    0.957     0.981    0.998    0.972    4.226    0.039   0.011  212.550 -0.100  -4.326 4.000 0.095 11.000 4.446 21.000 -4.425 1.000 -0.133 8.000 4.381 19.000 -4.337 3.000 -0.001 10.000 4.283 17.000 -4.383 2.000 -0.078 9.000 4.336 18.000
-1.033  -0.275    0.000    1.000  0.989    0.994    0.994     0.985    0.998     0.966  0.707    0.907     0.979    0.996    0.963    3.953    0.090   0.011  210.618 -0.100  -4.134 1.000 -0.161 8.000 4.072 22.000 -3.996 3.000 0.006 10.000 3.940 20.000 -4.034 2.000 0.044 12.000 3.805 19.000 -3.941 4.000 0.012 11.000 3.725 17.000
-0.377  -0.098    0.000    1.000  0.991    0.989    0.989     0.995    0.993     0.933  0.845    0.969     0.981    0.998    0.985    4.209    0.172   0.011  221.927 0.000  -4.317 2.000 -0.078 12.000 4.289 19.000 -4.260 4.000 0.049 13.000 4.295 20.000 -4.272 3.000 0.050 14.000 4.090 18.000 -4.516 1.000 -0.215 11.000 3.990 17.000
-1.611  -0.447    0.000    1.000  0.988    0.992    0.992     0.979    0.990     0.964  0.707    0.969     0.977    0.998    0.982    3.952    0.165   0.011  206.966 0.000  -4.077 2.000 0.069 12.000 4.265 22.000 -3.908 4.000 0.000 11.000 4.011 19.000 -4.025 3.000 -0.017 10.000 4.021 20.000 -4.280 1.000 -0.223 9.000 3.996 18.000
-0.922  -0.360    0.000    1.000  0.991    0.996    0.996        NA    0.987     0.978     NA    0.954     0.983    0.998    0.973    3.958   -0.007   0.011  216.255 0.000  -4.149 1.000 -0.086 10.000 4.149 20.000 -4.059 4.000 -0.006 12.000 4.112 18.000 -4.110 2.000 -0.027 11.000 3.769 17.000 -4.077 3.000 0.091 13.000 4.143 19.000
-2.528  -0.597    0.000    1.000  0.974    0.988    0.988        NA    0.998     0.942     NA    0.968     0.951    0.999    0.978    3.937    0.243   0.011  225.871 0.000  -4.014 1.000 -0.056 7.000 3.954 17.000 -3.885 3.000 0.089 10.000 4.216 20.000 -3.878 4.000 -0.045 8.000 4.091 19.000 -3.889 2.000 0.062 9.000 4.060 18.000
-1.482  -0.335    0.000    1.000  0.989    0.993    0.993     0.999    0.994     0.955  0.845    0.957     0.977    0.999    0.982    4.135    0.170   0.011  221.419 0.000  -4.275 1.000 -0.159 9.000 3.984 17.000 -4.171 4.000 0.082 12.000 4.178 18.000 -4.210 2.000 0.011 11.000 4.331 20.000 -4.198 3.000 0.007 10.000 4.223 19.000
-1.439  -0.548    0.000    1.000  0.988    0.991    0.991        NA    0.959     0.955     NA    0.968     0.977    0.995    0.978    3.891    0.001   0.011  214.019 0.100  -4.164 1.000 -0.099 10.000 4.276 21.000 -4.060 4.000 -0.083 11.000 4.192 20.000 -4.125 2.000 -0.132 9.000 4.069 18.000 -4.080 3.000 -0.038 12.000 4.027 17.000
-1.591  -0.399    0.000    1.000  0.989    0.995    0.995     0.994    0.997     0.972  0.707    0.930     0.978    0.998    0.970    4.083    0.130   0.011  221.909 0.100  -4.266 1.000 -0.110 8.000 4.148 18.000 -4.202 3.000 0.035 10.000 4.284 21.000 -4.260 2.000 -0.122 7.000 4.162 19.000 -4.123 4.000 0.050 11.000 4.226 20.000
-0.856  -0.385    0.000    1.000  0.991    0.997    0.997     0.997    0.992     0.981  0.845    0.957     0.983    0.999    0.982    3.912   -0.070   0.011  214.240 0.100  -4.043 5.000 -0.077 12.000 3.932 18.000 -4.198 2.000 -0.108 10.000 3.864 17.000 -4.066 4.000 -0.040 13.000 4.005 19.000 -4.082 3.000 -0.093 11.000 3.853 16.000
-2.779  -0.724    0.000    1.000  0.967    0.992    0.992        NA    0.994     0.951     NA    0.954     0.936    0.998    0.973    4.210    0.062   0.011  204.147 0.100  -4.084 4.000 0.077 11.000 4.239 20.000 -4.231 2.000 -0.043 9.000 3.956 17.000 -4.311 1.000 -0.125 7.000 4.021 18.000 -4.159 3.000 -0.015 10.000 4.143 19.000
-1.705  -0.443    0.000    1.000  0.970    0.992    0.992     0.980    0.983     0.950  0.707    0.957     0.942    0.997    0.978    4.052    0.117   0.011  195.927 0.100  -4.370 1.000 -0.194 9.000 3.750 17.000 -4.157 2.000 -0.045 10.000 4.096 19.000 -4.007 4.000 0.129 12.000 4.132 20.000 -4.114 3.000 -0.034 11.000 3.953 18.000
-0.624  -0.334    0.000    1.000  0.986    0.994    0.994     0.992    0.996     0.963  0.707    0.949     0.972    0.999    0.976    3.896   -0.046   0.011  208.781 0.200  -4.271 1.000 -0.044 11.000 3.808 18.000 -4.097 4.000 -0.059 10.000 3.745 17.000 -4.208 3.000 -0.007 13.000 3.948 21.000 -4.256 2.000 -0.028 12.000 3.859 19.000
-1.296  -0.406    0.000    1.000  0.970    0.994    0.994     0.988    0.979     0.973  0.676    0.939     0.946    0.998    0.967    4.006    0.081   0.011  203.677 0.200  -4.269 2.000 -0.016 10.000 4.073 17.000 -4.228 3.000 -0.081 8.000 4.100 18.000 -3.977 5.000 0.175 11.000 4.210 20.000 -4.272 1.000 -0.059 9.000 4.129 19.000
-1.427  -0.466    0.000    1.000  0.988    0.992    0.992     0.794    0.985     0.969  0.707    0.914     0.978    0.997    0.967    3.854    0.123   0.011  221.651 0.200  -4.336 1.000 -0.218 8.000 3.962 17.000 -3.880 4.000 0.106 12.000 4.191 19.000 -4.026 3.000 0.033 10.000 4.322 20.000 -4.050 2.000 -0.032 9.000 4.098 18.000
-1.112  -0.388    0.000    1.000  0.980    0.997    0.997     0.989    0.995     0.987  0.845    0.914     0.962    0.998    0.973    4.020   -0.014   0.011  216.788 0.200  -4.464 1.000 -0.145 9.000 4.201 18.000 -4.087 4.000 0.060 13.000 4.199 17.000 -4.114 3.000 -0.025 11.000 4.234 19.000 -4.207 2.000 -0.058 10.000 4.294 20.000
-1.642  -0.521    0.000    1.000  0.989    0.992    0.992        NA    0.989     0.967     NA    0.977     0.979    0.997    0.982    3.903    0.083   0.011  223.278 0.200  -4.036 3.000 0.015 11.000 4.124 18.000 -4.164 1.000 -0.077 9.000 3.937 17.000 -3.929 4.000 0.054 12.000 4.353 20.000 -4.057 2.000 -0.051 10.000 4.259 19.000
-1.126  -0.354    0.000    1.000  0.989    0.994    0.994     0.997    0.990     0.968  0.845    0.925     0.978    0.999    0.975    3.896    0.082   0.011  215.863 0.300  -4.131 1.000 -0.091 8.000 4.057 18.000 -3.975 4.000 0.039 12.000 4.127 19.000 -4.121 2.000 -0.051 9.000 3.964 17.000 -3.989 3.000 -0.036 10.000 4.191 20.000
-2.123  -0.653    0.000    1.000  0.990    0.993    0.993        NA    0.989     0.962     NA    0.969     0.982    0.998    0.978    3.732    0.062   0.011  220.727 0.300  -3.993 1.000 -0.146 9.000 3.789 16.000 -3.930 2.000 -0.019 11.000 4.003 17.000 -3.906 3.000 0.007 12.000 3.779 15.000 -3.853 4.000 -0.039 10.000 4.025 18.000
-1.693  -0.533    0.000    1.000  0.986    0.996    0.996        NA    0.995     0.977     NA    0.975     0.971    0.999    0.982    3.799    0.004   0.011  216.331 0.300  -3.878 2.000 -0.047 11.000 3.779 19.000 -3.833 4.000 -0.114 9.000 3.860 20.000 -3.863 3.000 0.013 12.000 3.722 18.000 -3.903 1.000 -0.108 10.000 3.717 17.000
-1.236  -0.496    0.000    1.000  0.993    0.992    0.992     0.989    0.977     0.967  0.707    0.653     0.987    0.997    0.899    3.675   -0.042   0.011  209.953 0.300  -3.952 2.000 -0.147 11.000 3.496 17.000 -4.048 1.000 -0.219 9.000 3.539 18.000 -3.844 3.000 -0.048 12.000 3.953 20.000 -3.794 4.000 -0.008 13.000 3.636 19.000
-2.719  -0.762    0.000    1.000  0.964    0.989    0.989        NA    0.952     0.947     NA    0.912     0.932    0.996    0.957    3.910    0.116   0.011  223.021 0.300  -4.257 1.000 -0.246 5.000 3.968 21.000 -3.936 2.000 -0.008 9.000 4.059 22.000 -3.883 4.000 0.055 10.000 3.946 19.000 -3.906 3.000 -0.073 8.000 3.965 20.000
-2.627  -0.663    0.000    1.000  0.990    0.991    0.991     0.992    0.995     0.968  0.707    0.939     0.982    0.999    0.972    3.954    0.178   0.011  235.576 0.400  -4.216 1.000 -0.177 7.000 4.053 18.000 -4.032 3.000 0.024 9.000 4.306 21.000 -4.205 2.000 -0.060 8.000 4.124 19.000 -3.939 4.000 0.046 10.000 4.305 20.000
-2.642  -0.702    0.000    1.000  0.994    0.988    0.988     0.995    0.986     0.950  0.707    0.939     0.989    0.998    0.972    4.011    0.175   0.011  228.545 0.400  -4.344 1.000 -0.121 8.000 4.174 17.000 -4.139 4.000 0.064 11.000 4.266 18.000 -4.140 3.000 0.049 10.000 4.305 19.000 -4.211 2.000 0.007 9.000 4.367 20.000
-2.935  -0.772    0.000    1.000  0.980    0.991    0.991        NA    0.998     0.964     NA    0.957     0.965    1.000    0.972    4.040    0.106   0.011  209.928 0.400  -4.209 1.000 -0.085 6.000 4.216 18.000 -4.151 3.000 0.004 8.000 4.242 20.000 -4.184 2.000 -0.014 7.000 4.136 17.000 -4.141 4.000 0.121 9.000 4.235 19.000
-1.090  -0.303    0.000    1.000  0.993    0.996    0.996     0.992    0.993     0.976  0.707    0.977     0.985    0.998    0.985    3.995    0.039   0.011  210.204 0.400  -4.060 1.000 -0.151 10.000 3.860 21.000 -3.958 4.000 0.001 12.000 4.063 22.000 -3.991 3.000 0.024 13.000 3.837 20.000 -4.020 2.000 -0.076 11.000 3.760 18.000
-1.452  -0.479    0.000    1.000  0.988    0.996    0.996     0.998    0.999     0.976  0.707    0.969     0.978    1.000    0.982    3.783    0.019   0.011  214.686 0.400  -4.010 1.000 -0.117 8.000 4.098 20.000 -3.975 2.000 -0.094 9.000 3.798 17.000 -3.973 3.000 -0.039 11.000 3.830 18.000 -3.920 4.000 -0.040 10.000 3.917 19.000
-1.893  -0.598    0.000    1.000  0.965    0.989    0.989        NA    0.979     0.956     NA    0.968     0.933    0.997    0.978    3.616    0.117   0.011  206.687 0.500  -3.761 1.000 -0.085 8.000 3.539 17.000 -3.712 3.000 -0.079 9.000 3.668 19.000 -3.738 2.000 0.008 11.000 3.680 20.000 -3.589 4.000 -0.008 10.000 3.809 21.000
-2.771  -0.826    0.000    1.000  0.954    0.985    0.985        NA    0.988     0.934     NA    0.969     0.915    0.993    0.978    3.759    0.166   0.011  218.959 0.500  -4.137 1.000 -0.130 9.000 3.927 19.000 -3.755 3.000 0.169 12.000 3.871 17.000 -3.653 4.000 0.080 11.000 4.035 20.000 -4.054 2.000 -0.051 10.000 3.887 18.000
-2.900  -0.694    0.000    1.000  0.992    0.983    0.983        NA    0.977     0.943     NA    0.940     0.986    0.997    0.966    3.830    0.338   0.011  244.961 0.500  -4.250 1.000 -0.241 7.000 4.071 18.000 -3.952 3.000 0.064 8.000 4.198 19.000 -3.908 4.000 0.152 10.000 4.321 20.000 -4.012 2.000 0.068 9.000 3.974 17.000
-1.917  -0.432    0.000    1.000  0.991    0.995    0.995     0.994    0.989     0.977  0.707    0.958     0.982    0.998    0.979    3.683    0.210   0.011  225.317 0.500  -3.804 1.000 -0.012 9.000 3.849 20.000 -3.615 4.000 0.050 11.000 3.735 17.000 -3.655 3.000 0.091 12.000 3.770 18.000 -3.683 2.000 -0.009 10.000 3.799 19.000
-2.284  -0.499    0.000    1.000  0.993    0.989    0.989     0.978    0.965     0.945  0.845    0.919     0.986    0.997    0.973    3.750    0.308   0.011  220.356 0.500  -3.988 1.000 -0.195 7.000 3.882 18.000 -3.827 3.000 0.080 8.000 3.936 20.000 -3.867 2.000 0.082 9.000 3.713 17.000 -3.649 4.000 0.176 10.000 3.993 21.000
-2.304  -0.680    0.000    1.000  0.994    0.994    0.994     0.973    0.991     0.978  0.707    0.957     0.989    0.997    0.978    3.641    0.099   0.011  227.905 0.600  -3.964 1.000 -0.201 8.000 3.556 17.000 -3.803 2.000 -0.035 9.000 3.712 18.000 -3.557 4.000 0.067 10.000 3.753 19.000 -3.607 3.000 0.082 11.000 3.854 20.000
-2.830  -0.839    0.000    1.000  0.986    0.994    0.994        NA    0.974     0.979     NA    0.932     0.974    0.997    0.964    3.636    0.096   0.011  216.495 0.600  -3.874 1.000 -0.075 6.000 3.596 17.000 -3.666 3.000 -0.046 7.000 3.665 18.000 -3.723 2.000 0.066 8.000 3.797 20.000 -3.582 4.000 0.100 9.000 3.872 21.000
-1.559  -0.511    0.000    1.000  0.971    0.994    0.994     0.992    0.996     0.968  0.845    0.939     0.947    0.998    0.978    3.734    0.034   0.011  220.471 0.600  -4.131 1.000 -0.220 9.000 3.576 16.000 -3.864 2.000 -0.066 10.000 3.750 18.000 -3.795 4.000 -0.020 12.000 3.852 19.000 -3.855 3.000 -0.049 11.000 3.586 17.000
-2.787  -0.784    0.000    1.000  0.980    0.986    0.986        NA    0.989     0.944     NA    0.914     0.966    0.995    0.958    3.818    0.171   0.011  217.725 0.600  -4.085 1.000 -0.155 7.000 3.915 16.000 -3.731 4.000 0.014 9.000 4.060 18.000 -3.833 3.000 0.120 11.000 4.105 19.000 -4.013 2.000 -0.126 8.000 3.921 17.000
-0.653  -0.167    0.000    1.000  0.983    0.988    0.988     0.989    0.991     0.943  0.845    0.969     0.967    0.996    0.985    3.686    0.208   0.011  216.374 0.600  -4.029 1.000 -0.195 11.000 3.772 20.000 -3.843 2.000 -0.081 12.000 3.771 19.000 -3.840 3.000 0.002 13.000 3.688 18.000 -3.718 4.000 0.023 14.000 3.937 21.000
-2.776  -0.646    0.000    1.000  0.988    0.988    0.988     0.955    0.958     0.953  0.707    0.896     0.978    0.996    0.962    3.794    0.294   0.011  228.169 0.700  -4.251 1.000 -0.305 6.000 3.608 16.000 -3.800 3.000 0.145 10.000 3.996 18.000 -3.899 2.000 0.046 8.000 4.102 19.000 -3.762 4.000 0.085 9.000 4.282 20.000
-1.336  -0.553    0.000    1.000  0.989    0.985    0.985        NA    0.987     0.947     NA    0.969     0.981    0.993    0.978    3.580    0.138   0.011  221.310 0.700  -4.238 1.000 -0.294 10.000 3.740 18.000 -3.759 4.000 0.068 13.000 3.849 19.000 -3.880 3.000 -0.053 11.000 3.711 17.000 -3.953 2.000 0.020 12.000 4.097 20.000
-2.072  -0.618    0.000    1.000  0.991    0.992    0.992     0.966    0.977     0.972  0.778    0.906     0.985    0.996    0.966    3.510    0.168   0.011  223.298 0.700  -3.994 1.000 -0.169 9.000 3.642 16.000 -3.708 2.000 0.034 10.000 4.041 21.000 -3.633 3.000 0.047 12.000 3.770 18.000 -3.590 4.000 0.045 11.000 3.752 17.000
-1.559  -0.568    0.000    1.000  0.985    0.993    0.993     0.991    0.993     0.975  0.707    0.932     0.971    0.999    0.971    3.581    0.077   0.011  213.368 0.700  -3.874 1.000 -0.167 8.000 3.521 17.000 -3.698 4.000 0.012 10.000 3.794 21.000 -3.720 3.000 -0.114 9.000 3.605 19.000 -3.767 2.000 0.065 11.000 3.626 20.000
-1.436  -0.482    0.000    1.000  0.975    0.993    0.993     0.979    0.987     0.970  0.676    0.875     0.955    0.998    0.955    3.526    0.109   0.011  214.566 0.700  -3.958 1.000 -0.215 9.000 3.439 17.000 -3.674 4.000 0.122 13.000 3.777 20.000 -3.693 3.000 0.055 12.000 3.619 18.000 -3.642 5.000 0.037 11.000 3.739 19.000
-2.671  -0.703    0.000    1.000  0.992    0.984    0.984     0.971    0.970     0.944  0.845    0.913     0.986    0.996    0.973    3.376    0.380   0.011  219.925 0.800  -3.887 1.000 -0.271 7.000 3.468 16.000 -3.359 4.000 0.117 10.000 3.871 19.000 -3.392 3.000 0.076 9.000 3.805 18.000 -3.491 2.000 0.056 8.000 3.650 17.000
-2.298  -0.923    0.000    1.000  0.986    0.993    0.993        NA    0.990     0.978     NA    0.969     0.975    0.998    0.978    3.240   -0.012   0.011  221.955 0.800  -3.554 2.000 -0.123 7.000 3.410 18.000 -3.399 4.000 -0.029 10.000 3.623 21.000 -3.567 1.000 -0.067 8.000 3.409 17.000 -3.439 3.000 -0.053 9.000 3.456 19.000
-3.424  -0.890    0.000    1.000  0.976    0.984    0.984        NA    0.956     0.946     NA    0.905     0.959    0.996    0.955    3.629    0.333   0.011  233.954 0.800  -4.146 1.000 -0.272 5.000 3.780 17.000 -3.775 2.000 0.005 6.000 4.025 18.000 -3.738 3.000 0.107 7.000 4.121 19.000 -3.596 4.000 0.234 8.000 4.217 20.000
-1.571  -0.473    0.000    1.000  0.989    0.991    0.991     0.913    0.994     0.968  0.707    0.957     0.980    0.999    0.978    3.380    0.144   0.011  212.026 0.800  -3.613 2.000 -0.143 9.000 3.400 16.000 -3.539 3.000 0.009 10.000 3.687 21.000 -3.467 5.000 0.115 12.000 3.559 19.000 -3.538 4.000 0.075 11.000 3.470 17.000
-2.126  -0.622    0.000    1.000  0.986    0.994    0.994        NA    0.990     0.971     NA    0.977     0.973    0.997    0.982    3.627    0.095   0.011  210.980 0.800  -3.843 1.000 -0.169 8.000 3.494 17.000 -3.628 4.000 0.032 11.000 3.601 19.000 -3.634 3.000 0.026 10.000 3.560 18.000 -3.726 2.000 -0.005 9.000 3.729 20.000
-1.676  -0.406    0.000    1.000  0.987    0.982    0.982     0.975    0.974     0.943  0.845    0.939     0.977    0.996    0.978    3.509    0.387   0.011  228.199 0.900  -4.032 1.000 -0.252 8.000 3.453 17.000 -3.646 3.000 0.089 11.000 3.771 21.000 -3.577 4.000 0.082 10.000 3.753 20.000 -3.814 2.000 -0.078 9.000 3.719 19.000
-1.234  -0.403    0.000    1.000  0.994    0.991    0.991     0.984    0.990     0.967  0.867    0.906     0.990    0.998    0.973    3.450    0.174   0.011  228.239 0.900  -3.836 1.000 -0.259 9.000 3.221 17.000 -3.517 4.000 0.107 12.000 3.620 21.000 -3.590 3.000 0.026 11.000 3.603 20.000 -3.705 2.000 -0.015 10.000 3.556 19.000
-3.280  -0.983    0.000    1.000  0.977    0.979    0.979     0.947    0.951     0.933  0.707    0.906     0.962    0.995    0.964    3.492    0.331   0.011  219.699 0.900  -4.137 1.000 -0.295 6.000 3.515 16.000 -3.600 4.000 0.283 9.000 4.237 19.000 -3.607 3.000 0.090 8.000 3.964 17.000 -3.699 2.000 0.052 7.000 4.094 18.000
-2.886  -0.968    0.000    1.000  0.991    0.991    0.991        NA    0.988     0.973     NA    0.939     0.985    0.998    0.964    3.248    0.070   0.011  229.164 0.900  -3.486 1.000 -0.182 6.000 3.410 18.000 -3.332 3.000 0.068 9.000 3.589 21.000 -3.427 2.000 -0.081 7.000 3.446 19.000 -3.312 4.000 0.067 8.000 3.555 20.000
-2.988  -0.913    0.000    1.000  0.990    0.987    0.987        NA    0.972     0.959     NA    0.939     0.983    0.990    0.964    3.383    0.181   0.011  240.045 0.900  -3.752 1.000 -0.182 8.000 3.429 16.000 -3.391 4.000 0.116 11.000 3.739 18.000 -3.593 2.000 0.014 9.000 3.751 19.000 -3.467 3.000 0.065 10.000 3.667 17.000
-2.319  -0.868    0.000    1.000  0.992    0.989    0.989        NA    0.989     0.965     NA    0.875     0.987    0.997    0.946    3.280    0.076   0.011  220.416 1.000  -3.607 1.000 -0.191 7.000 3.506 16.000 -3.385 4.000 -0.036 10.000 3.439 15.000 -3.473 3.000 -0.063 9.000 3.513 17.000 -3.480 2.000 -0.009 11.000 3.520 18.000
-2.414  -0.874    0.000    1.000  0.990    0.984    0.984        NA    0.970     0.951     NA    0.827     0.983    0.993    0.930    3.090    0.174   0.011  215.516 1.000  -3.409 2.000 -0.139 7.000 3.455 17.000 -3.252 3.000 0.005 11.000 3.431 15.000 -3.460 1.000 -0.122 8.000 3.780 18.000 -3.209 4.000 -0.056 9.000 3.449 16.000
-2.816  -0.895    0.000    1.000  0.979    0.985    0.985        NA    0.943     0.950     NA    0.870     0.964    0.989    0.944    3.361    0.225   0.011  215.724 1.000  -3.999 1.000 -0.387 6.000 3.349 16.000 -3.293 4.000 0.149 11.000 3.766 18.000 -3.555 2.000 0.052 8.000 3.790 19.000 -3.295 3.000 0.109 9.000 3.645 17.000
-2.151  -0.756    0.000    1.000  0.995    0.992    0.992        NA    0.996     0.974     NA    0.969     0.991    0.999    0.978    3.135    0.138   0.011  221.332 1.000  -3.420 1.000 -0.108 8.000 3.211 16.000 -3.211 4.000 -0.049 9.000 3.193 15.000 -3.283 3.000 0.023 11.000 3.323 18.000 -3.339 2.000 -0.036 10.000 3.247 17.000
-2.229  -0.677    0.000    1.000  0.982    0.987    0.987     0.495    0.993     0.951  0.354    0.957     0.968    0.999    0.967    3.304    0.222   0.011  213.690 1.000  -3.609 1.000 -0.159 8.000 3.470 15.000 -3.461 3.000 -0.028 9.000 3.687 18.000 -3.346 5.000 0.058 11.000 3.571 16.000 -3.452 4.000 0.046 10.000 3.617 17.000
-2.381  -0.861    0.000    1.000  0.992    0.985    0.985     0.972    0.997     0.961  0.707    0.906     0.986    0.997    0.964    2.974    0.232   0.011  222.178 1.500  -3.384 1.000 -0.130 8.000 3.149 16.000 -3.200 2.000 0.002 11.000 3.169 17.000 -3.186 4.000 -0.126 9.000 3.169 18.000 -3.188 3.000 0.001 10.000 3.290 19.000
-2.674  -0.904    0.000    1.000  0.984    0.971    0.971     0.907    0.979     0.931  0.707    0.875     0.972    0.997    0.958    2.858    0.562   0.011  218.463 1.500  -3.704 1.000 -0.161 6.000 3.372 15.000 -3.225 4.000 0.104 10.000 3.716 16.000 -3.253 3.000 0.055 9.000 3.721 17.000 -3.364 2.000 -0.003 8.000 3.729 18.000
-1.809  -0.654    0.000    1.000  0.991    0.980    0.980        NA    0.995     0.954     NA    0.938     0.985    0.999    0.967    2.988    0.381   0.011  216.146 1.500  -3.599 1.000 -0.151 8.000 3.267 16.000 -3.363 3.000 -0.059 11.000 3.424 18.000 -3.428 2.000 0.064 12.000 3.678 20.000 -3.356 4.000 -0.099 10.000 3.435 19.000
-2.367  -0.868    0.000    1.000  0.988    0.987    0.987        NA    0.987     0.959     NA    0.932     0.978    0.992    0.964    3.072    0.175   0.011  221.980 1.500  -3.498 1.000 -0.170 8.000 3.238 15.000 -3.347 2.000 0.095 11.000 3.323 16.000 -3.191 4.000 0.008 9.000 3.374 17.000 -3.260 3.000 0.068 10.000 3.442 18.000
-2.427  -0.893    0.000    1.000  0.990    0.989    0.989     -0.443    0.991     0.967  -0.354    0.939     0.982    0.997    0.930    2.956    0.144   0.011  212.715 1.500  -3.213 1.000 -0.150 7.000 3.069 15.000 -3.164 3.000 -0.001 9.000 3.189 16.000 -3.148 4.000 -0.088 8.000 3.264 17.000 -3.100 5.000 0.028 10.000 3.275 18.000
-3.302  -1.000    0.000    1.000  0.986    0.963    0.963        NA    0.988     0.927     NA    0.957     0.976    0.993    0.972    2.509    0.817   0.011  228.501 2.000  -3.150 1.000 -0.146 8.000 2.865 16.000 -2.878 2.000 0.052 11.000 3.021 18.000 -2.820 3.000 -0.052 9.000 2.910 17.000 -2.627 4.000 0.021 10.000 2.814 15.000
-3.323  -1.095    0.000    1.000  0.987    0.972    0.972        NA    0.992     0.946     NA    0.957     0.977    0.994    0.972    2.482    0.658   0.011  222.184 2.000  -2.960 1.000 -0.049 7.000 2.885 17.000 -2.751 4.000 -0.008 9.000 2.989 18.000 -2.804 3.000 0.033 10.000 2.860 16.000 -2.894 2.000 -0.010 8.000 2.705 15.000
-1.875  -0.748    0.000    1.000  0.985    0.971    0.971     0.911    0.964     0.947  0.707    0.939     0.974    0.994    0.972    2.511    0.567   0.011  229.634 2.000  -3.279 1.000 -0.226 8.000 3.085 17.000 -3.028 2.000 0.040 10.000 3.165 18.000 -2.996 4.000 0.125 11.000 3.468 20.000 -2.999 3.000 -0.056 9.000 3.170 19.000
-2.058  -0.869    0.000    1.000  0.990    0.977    0.977        NA    0.995     0.959     NA    0.957     0.983    0.996    0.972    2.534    0.460   0.011  224.205 2.000  -3.245 1.000 -0.192 8.000 2.888 15.000 -3.070 2.000 -0.007 9.000 3.096 17.000 -2.968 3.000 0.066 11.000 3.160 18.000 -2.887 4.000 -0.002 10.000 3.045 16.000
-2.144  -0.849    0.000    1.000  0.992    0.975    0.975     0.993    0.977     0.952  0.707    0.913     0.986    0.997    0.966    2.650    0.459   0.011  234.530 2.000  -3.265 1.000 -0.130 9.000 3.150 16.000 -3.192 2.000 0.046 12.000 3.316 18.000 -3.109 3.000 0.025 11.000 3.389 19.000 -3.100 4.000 -0.060 10.000 3.301 17.000
-2.520  -0.916    0.000    1.000  0.990    0.965    0.965        NA    0.988     0.951     NA    0.969     0.982    0.996    0.978    2.347    0.782   0.011  234.365 2.500  -3.213 1.000 -0.129 8.000 2.962 15.000 -3.062 3.000 0.031 10.000 3.112 17.000 -2.945 4.000 0.054 11.000 3.099 16.000 -3.064 2.000 -0.062 9.000 3.192 18.000
-2.993  -0.907    0.000    1.000  0.983    0.939    0.939     0.948    0.979     0.905  0.707    0.939     0.971    0.990    0.972    2.262    1.203   0.011  240.717 2.500  -3.433 1.000 -0.240 9.000 3.071 14.000 -2.996 2.000 0.231 12.000 3.427 16.000 -2.982 3.000 0.149 11.000 3.459 17.000 -2.909 4.000 0.077 10.000 3.376 15.000
-2.476  -0.760    0.000    1.000  0.993    0.930    0.930        NA    0.991     0.894     NA    0.957     0.988    0.996    0.973    2.247    1.270   0.011  243.481 2.500  -3.571 1.000 -0.173 9.000 3.087 15.000 -3.129 2.000 0.113 10.000 3.453 18.000 -3.118 4.000 0.117 11.000 3.400 16.000 -3.120 3.000 0.160 12.000 3.437 17.000
-1.491  -0.618    0.000    1.000  0.990    0.974    0.974     0.960    0.971     0.963  0.845    0.812     0.982    0.994    0.955    2.288    0.612   0.011  227.905 2.500  -3.059 1.000 -0.158 9.000 2.741 15.000 -2.812 4.000 -0.002 13.000 2.890 17.000 -2.835 3.000 -0.024 12.000 2.973 18.000 -2.884 2.000 -0.102 10.000 2.817 16.000
-2.513  -0.806    0.000    1.000  0.992    0.940    0.940        NA    0.984     0.901     NA    0.957     0.985    0.992    0.973    2.325    1.099   0.011  228.576 2.500  -3.442 1.000 -0.193 9.000 3.264 16.000 -3.086 3.000 0.018 10.000 3.446 17.000 -3.113 2.000 0.119 11.000 3.544 19.000 -2.943 4.000 0.174 12.000 3.521 18.000
-2.719  -0.977    0.000    1.000  0.990    0.939    0.939     0.971    0.983     0.919  0.707    0.906     0.984    0.996    0.964    2.049    1.205   0.011  236.125 3.000  -3.241 1.000 -0.193 7.000 3.021 16.000 -2.909 3.000 0.120 10.000 3.364 19.000 -3.032 2.000 0.016 8.000 3.330 18.000 -2.798 4.000 0.079 9.000 3.365 20.000
-3.356  -1.002    0.000    1.000  0.985    0.917    0.917        NA    0.983     0.887     NA    0.940     0.974    0.993    0.966    2.002    1.590   0.011  240.514 3.000  -3.391 1.000 -0.228 7.000 2.873 15.000 -2.751 4.000 0.132 9.000 3.056 17.000 -2.944 2.000 0.161 10.000 3.172 18.000 -2.876 3.000 0.117 8.000 3.054 16.000
-3.636  -1.060    0.000    1.000  0.990    0.910    0.910        NA    0.986     0.876     NA    0.939     0.984    0.993    0.964    1.933    1.690   0.011  246.514 3.000  -3.299 1.000 -0.209 7.000 2.830 15.000 -2.804 3.000 0.149 9.000 3.084 18.000 -2.746 4.000 0.152 10.000 3.131 19.000 -2.818 2.000 0.133 8.000 3.073 17.000
-1.504  -0.736    0.000    1.000  0.993    0.951    0.951     0.981    0.987     0.940  0.707    0.940     0.988    0.996    0.973    2.079    0.864   0.011  236.088 3.000  -3.244 1.000 -0.141 10.000 2.900 15.000 -3.054 3.000 -0.104 11.000 2.924 16.000 -3.075 2.000 -0.100 12.000 3.070 18.000 -2.928 4.000 0.015 13.000 3.002 17.000
-4.046  -1.195    0.000    1.000  0.991    0.924    0.924        NA    0.960     0.898     NA    0.845     0.986    0.991    0.937    2.004    1.556   0.011  234.145 3.000  -3.292 1.000 -0.230 5.000 2.648 13.000 -2.635 4.000 0.232 8.000 2.963 15.000 -2.798 2.000 0.116 6.000 3.042 16.000 -2.789 3.000 0.124 7.000 3.106 17.000
-2.479  -0.975    0.000    1.000  0.990    0.930    0.930        NA    0.990     0.919     NA    0.809     0.984    0.998    0.924    1.847    1.309   0.011  227.923 3.500  -3.151 1.000 -0.133 7.000 3.047 15.000 -2.990 3.000 -0.002 9.000 3.189 17.000 -3.025 2.000 -0.020 8.000 3.229 18.000 -2.884 4.000 0.067 11.000 3.232 19.000
-2.666  -0.937    0.000    1.000  0.984    0.924    0.924     0.141    0.965     0.896  0.354    0.957     0.970    0.991    0.967    1.932    1.340   0.011  249.141 3.500  -3.314 1.000 -0.203 8.000 2.890 15.000 -2.779 5.000 0.100 10.000 3.291 17.000 -2.937 4.000 0.058 9.000 3.383 18.000 -3.086 3.000 0.107 11.000 3.161 16.000
-3.398  -1.000    0.000    1.000  0.985    0.902    0.902        NA    0.962     0.862     NA    0.870     0.975    0.991    0.944    1.868    1.734   0.011  241.878 3.500  -3.237 1.000 -0.211 7.000 2.818 15.000 -2.900 2.000 0.055 8.000 2.974 17.000 -2.651 4.000 0.087 10.000 2.964 16.000 -2.688 3.000 0.109 11.000 3.074 18.000
-2.701  -0.995    0.000    1.000  0.990    0.927    0.927     0.958    0.991     0.919  0.707    0.939     0.983    0.996    0.972    1.840    1.412   0.011  244.580 3.500  -3.234 1.000 -0.175 7.000 3.041 16.000 -2.888 3.000 0.052 10.000 3.331 19.000 -2.748 4.000 0.015 8.000 3.255 18.000 -2.914 2.000 0.030 9.000 3.214 17.000
-3.496  -1.001    0.000    1.000  0.992    0.897    0.897        NA    0.969     0.873     NA    0.939     0.986    0.991    0.964    1.752    1.888   0.011  238.979 3.500  -3.298 1.000 -0.248 7.000 2.710 15.000 -2.724 4.000 0.100 9.000 3.055 17.000 -2.738 3.000 0.152 10.000 3.058 18.000 -2.841 2.000 0.067 8.000 3.010 16.000
-3.142  -1.088    0.000    1.000  0.985    0.916    0.916        NA    0.994     0.917     NA    0.906     0.977    0.998    0.953    1.589    1.696   0.011  234.964 4.000  -3.003 1.000 -0.096 7.000 2.635 15.000 -2.718 3.000 -0.036 8.000 2.742 17.000 -2.690 4.000 0.048 10.000 2.784 18.000 -2.770 2.000 0.009 9.000 2.698 16.000
-2.069  -0.843    0.000    1.000  0.991    0.916    0.916        NA    0.997     0.915     NA    0.957     0.983    0.989    0.973    1.625    1.472   0.011  228.678 4.000  -2.991 1.000 -0.049 10.000 2.830 15.000 -2.783 4.000 -0.052 9.000 2.850 16.000 -2.908 3.000 -0.019 11.000 2.878 19.000 -2.911 2.000 -0.018 12.000 2.869 18.000
-2.273  -0.792    0.000    1.000  0.982    0.904    0.904     0.963    0.978     0.913  0.778    0.939     0.966    0.994    0.973    1.646    1.707   0.011  233.944 4.000  -3.276 1.000 -0.207 9.000 3.102 15.000 -2.929 3.000 0.170 12.000 3.608 19.000 -3.082 2.000 0.051 10.000 3.407 17.000 -2.786 4.000 0.099 11.000 3.274 16.000
-2.369  -0.994    0.000    1.000  0.980    0.942    0.942     0.890    0.997     0.934  0.707    0.875     0.965    0.998    0.958    1.744    1.174   0.011  228.122 4.000  -2.866 1.000 -0.115 6.000 2.789 15.000 -2.677 2.000 -0.043 7.000 2.816 16.000 -2.667 3.000 0.019 10.000 3.044 18.000 -2.594 4.000 -0.027 8.000 3.026 17.000
-1.990  -0.743    0.000    1.000  0.987    0.909    0.909     0.432    0.967     0.909  0.354    0.914     0.976    0.988    0.955    1.611    1.579   0.011  221.055 4.000  -3.030 1.000 -0.073 9.000 2.817 15.000 -2.611 5.000 0.081 13.000 2.856 16.000 -2.689 3.000 0.062 11.000 2.976 17.000 -2.681 4.000 0.070 12.000 3.115 18.000
-2.420  -0.993    0.000    1.000  0.983    0.915    0.915     0.952    0.989     0.930  0.707    0.957     0.969    0.992    0.978    1.470    1.632   0.011  246.655 4.500  -2.975 1.000 -0.179 7.000 2.730 15.000 -2.783 2.000 -0.052 8.000 2.948 16.000 -2.686 4.000 0.009 10.000 3.018 18.000 -2.713 3.000 -0.008 9.000 3.004 17.000
-2.299  -0.876    0.000    1.000  0.986    0.919    0.919     0.985    0.978     0.930  0.707    0.845     0.978    0.997    0.953    1.529    1.595   0.011  236.729 4.500  -3.050 1.000 -0.147 8.000 2.764 15.000 -2.743 4.000 0.052 11.000 2.985 17.000 -2.839 3.000 -0.042 9.000 2.810 16.000 -2.893 2.000 -0.018 10.000 3.003 18.000
-2.940  -0.964    0.000    1.000  0.988    0.887    0.887     0.979    0.966     0.903  0.707    0.957     0.979    0.996    0.978    1.471    2.031   0.011  246.514 4.500  -3.246 1.000 -0.131 7.000 3.030 15.000 -2.938 3.000 0.129 10.000 3.460 17.000 -2.880 4.000 0.094 8.000 3.516 18.000 -2.953 2.000 0.102 9.000 3.373 16.000
-2.982  -1.039    0.000    1.000  0.984    0.914    0.914     0.976    0.986     0.911  0.707    0.939     0.971    0.996    0.972    1.533    1.684   0.011  236.272 4.500  -2.830 1.000 -0.137 7.000 2.528 16.000 -2.609 2.000 -0.013 9.000 2.711 19.000 -2.588 3.000 -0.084 8.000 2.484 15.000 -2.525 4.000 0.033 10.000 2.610 17.000
-3.193  -1.071    0.000    1.000  0.973    0.869    0.869        NA    0.953     0.847     NA    0.894     0.951    0.992    0.951    1.424    2.128   0.011  210.072 4.500  -2.973 1.000 -0.150 7.000 2.503 15.000 -2.745 2.000 -0.055 8.000 2.532 16.000 -2.690 3.000 -0.047 10.000 2.565 17.000 -2.602 4.000 0.017 11.000 2.630 18.000
-3.330  -1.087    0.000    1.000  0.982    0.874    0.874        NA    0.984     0.877     NA    0.809     0.970    0.994    0.924    1.317    2.204   0.011  215.803 5.000  -2.955 1.000 -0.133 5.000 2.665 16.000 -2.744 3.000 0.074 8.000 2.657 15.000 -2.739 4.000 0.092 9.000 2.753 17.000 -2.766 2.000 0.016 7.000 2.812 18.000
-2.305  -0.963    0.000    1.000  0.991    0.896    0.896        NA    0.995     0.913     NA    0.957     0.985    0.998    0.972    1.331    1.841   0.011  238.826 5.000  -2.980 1.000 -0.098 8.000 2.804 15.000 -2.867 2.000 -0.034 10.000 3.094 18.000 -2.842 3.000 -0.074 9.000 2.986 16.000 -2.803 4.000 0.001 11.000 2.995 17.000
-2.051  -0.852    0.000    1.000  0.987    0.908    0.908     0.966    0.993     0.922  0.845    0.808     0.978    0.998    0.958    1.400    1.668   0.011  236.108 5.000  -2.976 1.000 -0.178 8.000 2.671 15.000 -2.666 3.000 -0.039 11.000 2.800 16.000 -2.770 2.000 -0.053 10.000 3.057 18.000 -2.648 4.000 -0.010 12.000 2.825 17.000
-2.523  -1.000    0.000    1.000  0.988    0.898    0.898        NA    0.993     0.905     NA    0.939     0.981    0.997    0.964    1.366    1.812   0.011  237.952 5.000  -2.934 1.000 -0.140 9.000 2.536 17.000 -2.765 2.000 -0.164 8.000 2.418 15.000 -2.653 4.000 -0.096 10.000 2.535 16.000 -2.667 3.000 -0.066 11.000 2.655 18.000
-2.886  -1.007    0.000    1.000  0.991    0.890    0.890     0.979    0.975     0.886  0.707    0.939     0.984    0.993    0.972    1.344    1.939   0.011  241.799 5.000  -2.831 1.000 -0.132 7.000 2.512 15.000 -2.559 2.000 -0.042 8.000 2.630 17.000 -2.541 4.000 0.060 10.000 2.747 18.000 -2.551 3.000 0.013 9.000 2.574 16.000
-1.612  -0.657    0.000    1.000  0.991    0.883    0.883     0.869    0.996     0.912  0.707    0.957     0.984    0.994    0.978    1.269    1.911   0.011  233.110 5.500  -3.040 1.000 -0.103 10.000 2.755 15.000 -2.748 4.000 -0.017 11.000 2.931 16.000 -2.795 3.000 -0.005 13.000 3.192 18.000 -2.801 2.000 -0.010 12.000 3.017 17.000
-1.608  -0.769    0.000    1.000  0.988    0.891    0.891     0.988    0.990     0.920  0.707    0.957     0.979    0.997    0.978    1.275    1.806   0.011  224.870 5.500  -2.968 1.000 -0.105 9.000 2.852 17.000 -2.792 4.000 0.024 12.000 2.838 16.000 -2.867 3.000 -0.020 11.000 2.860 18.000 -2.881 2.000 -0.035 10.000 2.911 20.000
-2.007  -0.914    0.000    1.000  0.987    0.893    0.893     0.970    0.995     0.920  0.707    0.957     0.976    0.990    0.978    1.269    1.828   0.011  240.419 5.500  -2.995 1.000 -0.067 8.000 2.687 15.000 -2.727 4.000 0.008 11.000 2.802 16.000 -2.861 2.000 -0.042 9.000 2.855 17.000 -2.739 3.000 -0.005 10.000 2.953 18.000
-3.238  -1.063    0.000    1.000  0.990    0.874    0.874        NA    0.949     0.889     NA    0.939     0.984    0.996    0.964    1.238    2.238   0.011  227.163 5.500  -2.975 1.000 -0.110 7.000 2.790 17.000 -2.727 4.000 -0.015 9.000 2.713 15.000 -2.810 3.000 0.090 10.000 2.806 18.000 -2.849 2.000 -0.027 8.000 2.773 16.000
-2.632  -0.943    0.000    1.000  0.992    0.852    0.852        NA    0.976     0.861     NA    0.875     0.988    0.996    0.946    1.204    2.310   0.011  230.662 5.500  -3.242 1.000 -0.136 8.000 2.983 15.000 -2.871 4.000 0.036 10.000 3.137 16.000 -2.942 3.000 0.044 12.000 3.302 18.000 -2.957 2.000 0.000 9.000 3.173 17.000
-1.930  -0.867    0.000    1.000  0.990    0.884    0.884     0.978    0.991     0.911  0.845    0.906     0.982    0.996    0.972    1.170    1.949   0.011  237.619 6.000  -2.991 1.000 -0.198 8.000 2.695 15.000 -2.754 3.000 -0.028 10.000 2.904 18.000 -2.704 4.000 0.025 11.000 2.811 17.000 -2.768 2.000 -0.042 9.000 2.810 16.000
-1.749  -0.719    0.000    1.000  0.990    0.879    0.879     0.958    0.992     0.909  0.707    0.957     0.981    0.997    0.978    1.166    1.989   0.011  235.622 6.000  -2.988 1.000 -0.165 9.000 2.644 15.000 -2.752 4.000 -0.041 11.000 2.836 19.000 -2.809 2.000 -0.100 10.000 2.685 17.000 -2.783 3.000 0.007 12.000 2.756 18.000
-2.269  -0.780    0.000    1.000  0.991    0.829    0.829        NA    0.976     0.834     NA    0.914     0.985    0.990    0.958    1.153    2.480   0.011  230.441 6.000  -3.282 1.000 -0.189 9.000 2.970 16.000 -2.737 4.000 0.095 13.000 3.130 18.000 -2.950 2.000 -0.079 11.000 3.087 17.000 -2.879 3.000 0.045 12.000 3.316 19.000
-2.198  -0.679    0.000    1.000  0.989    0.834    0.834        NA    0.980     0.860     NA    0.894     0.981    0.993    0.951    1.150    2.471   0.011  227.131 6.000  -3.390 1.000 -0.176 10.000 3.010 15.000 -2.874 4.000 0.077 13.000 3.242 16.000 -2.942 3.000 0.098 14.000 3.323 19.000 -3.000 2.000 -0.003 11.000 3.303 18.000
-1.495  -0.763    0.000    1.000  0.987    0.882    0.882     0.714    0.977     0.918  0.707    0.896     0.976    0.995    0.962    1.193    1.922   0.011  212.622 6.000  -3.052 1.000 -0.167 9.000 2.818 16.000 -2.772 4.000 0.008 12.000 2.814 15.000 -2.944 2.000 -0.091 11.000 2.985 17.000 -2.794 3.000 0.011 13.000 3.051 18.000
-2.498  -0.799    0.000    1.000  0.991    0.830    0.830     0.948    0.973     0.871  0.707    0.940     0.984    0.995    0.973    1.050    2.598   0.011  234.047 6.500  -3.321 1.000 -0.220 7.000 2.963 15.000 -2.945 3.000 0.078 9.000 3.422 18.000 -3.011 2.000 0.057 8.000 3.294 16.000 -2.804 4.000 0.109 10.000 3.372 17.000
-2.355  -0.846    0.000    1.000  0.990    0.864    0.864     0.899    0.978     0.915  0.676    0.913     0.982    0.992    0.962    1.084    2.319   0.011  229.323 6.500  -3.082 1.000 -0.183 8.000 2.727 15.000 -2.655 3.000 0.134 10.000 3.059 16.000 -2.476 5.000 0.167 11.000 3.216 18.000 -2.544 4.000 0.087 9.000 3.104 17.000
-2.731  -0.985    0.000    1.000  0.987    0.814    0.814        NA    0.959     0.826     NA    0.938     0.977    0.991    0.967    1.052    2.683   0.011  226.049 6.500  -3.386 1.000 -0.254 9.000 3.003 15.000 -2.917 3.000 0.096 12.000 3.263 17.000 -2.909 4.000 0.077 11.000 3.173 16.000 -2.946 2.000 0.120 13.000 3.370 18.000
-3.145  -1.000    0.000    1.000  0.988    0.814    0.814        NA    0.981     0.838     NA    0.957     0.978    0.992    0.973    1.035    2.799   0.011  241.376 6.500  -3.310 1.000 -0.226 7.000 2.878 15.000 -3.003 2.000 -0.014 8.000 2.972 17.000 -2.947 3.000 0.033 9.000 2.942 16.000 -2.776 4.000 0.040 10.000 3.064 18.000
-3.317  -1.000    0.000    1.000  0.991    0.809    0.809        NA    0.973     0.837     NA    0.882     0.983    0.994    0.946    0.991    2.883   0.011  241.547 6.500  -3.268 1.000 -0.209 6.000 2.770 15.000 -2.861 3.000 0.068 11.000 2.972 18.000 -2.782 4.000 0.014 9.000 2.953 17.000 -2.898 2.000 0.040 10.000 2.911 16.000
-3.129  -1.113    0.000    1.000  0.991    0.831    0.831        NA    0.934     0.856     NA    0.812     0.985    0.995    0.928    0.966    2.680   0.011  228.741 7.000  -3.053 1.000 -0.154 6.000 2.636 15.000 -2.805 2.000 0.003 8.000 2.835 18.000 -2.744 3.000 0.091 11.000 2.737 16.000 -2.726 4.000 0.007 9.000 2.806 17.000
-2.370  -0.792    0.000    1.000  0.993    0.822    0.822     0.949    0.987     0.875  0.845    0.939     0.987    0.995    0.978    0.938    2.685   0.011  241.501 7.000  -3.276 1.000 -0.200 8.000 2.865 15.000 -2.755 4.000 0.066 9.000 3.191 17.000 -2.814 2.000 0.124 10.000 3.292 18.000 -2.779 3.000 0.140 11.000 3.120 16.000
-1.680  -0.913    0.000    1.000  0.980    0.869    0.869     0.891    0.994     0.922  0.707    0.914     0.964    0.988    0.967    1.019    2.096   0.011  226.626 7.000  -3.013 1.000 -0.187 8.000 2.678 15.000 -2.766 2.000 -0.021 10.000 2.892 18.000 -2.741 4.000 -0.049 9.000 2.884 17.000 -2.754 3.000 0.065 12.000 2.716 16.000
-2.338  -0.874    0.000    1.000  0.991    0.831    0.831        NA    0.993     0.874     NA    0.969     0.984    0.992    0.978    0.972    2.555   0.011  227.715 7.000  -3.222 1.000 -0.163 8.000 2.961 15.000 -2.880 3.000 0.025 11.000 3.146 17.000 -2.862 4.000 -0.042 10.000 3.085 16.000 -3.117 2.000 -0.057 9.000 3.261 18.000
-2.437  -0.987    0.000    1.000  0.990    0.855    0.855        NA    0.990     0.904     NA    0.957     0.982    0.997    0.972    1.013    2.390   0.011  242.469 7.000  -3.162 1.000 -0.102 8.000 3.033 15.000 -3.087 2.000 0.020 10.000 3.283 18.000 -3.069 3.000 -0.006 9.000 3.254 17.000 -3.033 4.000 -0.108 7.000 3.115 16.000
-2.836  -0.933    0.000    1.000  0.989    0.788    0.788     0.956    0.927     0.829  0.707    0.905     0.981    0.994    0.964    0.860    3.050   0.011  242.079 7.500  -3.452 1.000 -0.236 7.000 3.078 15.000 -2.989 3.000 0.030 8.000 3.473 17.000 -2.921 4.000 0.171 10.000 3.575 18.000 -3.134 2.000 0.038 9.000 3.401 16.000
-1.976  -0.922    0.000    1.000  0.984    0.833    0.833        NA    0.966     0.881     NA    0.932     0.971    0.981    0.964    0.915    2.457   0.011  217.641 7.500  -3.119 1.000 -0.111 12.000 2.658 15.000 -2.831 2.000 -0.121 11.000 2.874 17.000 -2.805 3.000 -0.027 13.000 2.858 16.000 -2.782 4.000 0.136 14.000 2.982 18.000
-2.968  -1.003    0.000    1.000  0.988    0.833    0.833        NA    0.963     0.877     NA    0.940     0.979    0.995    0.966    0.916    2.704   0.011  235.472 7.500  -3.071 1.000 -0.154 6.000 2.892 18.000 -2.855 4.000 -0.081 7.000 2.743 15.000 -2.936 3.000 -0.070 8.000 2.796 16.000 -3.003 2.000 -0.061 9.000 2.820 17.000
-3.031  -1.036    0.000    1.000  0.987    0.810    0.810        NA    0.976     0.831     NA    0.940     0.978    0.993    0.966    0.885    2.860   0.011  222.399 7.500  -3.164 1.000 -0.225 5.000 2.740 16.000 -2.878 4.000 0.033 8.000 2.949 18.000 -2.969 2.000 -0.130 6.000 2.666 15.000 -2.897 3.000 -0.017 7.000 2.866 17.000
-2.121  -0.936    0.000    1.000  0.991    0.858    0.858     0.990    0.974     0.905  0.707    0.957     0.984    0.996    0.978    0.935    2.309   0.011  230.467 7.500  -2.914 1.000 -0.147 8.000 2.826 15.000 -2.745 3.000 -0.056 9.000 2.852 17.000 -2.743 4.000 0.021 11.000 2.964 18.000 -2.799 2.000 -0.049 10.000 2.838 16.000
-2.440  -0.853    0.000    1.000  0.992    0.795    0.795     0.962    0.978     0.826  0.707    0.914     0.988    0.994    0.967    0.843    2.896   0.011  244.733 8.000  -3.362 1.000 -0.186 8.000 3.159 15.000 -3.053 3.000 0.080 11.000 3.556 18.000 -2.833 4.000 0.159 12.000 3.443 17.000 -3.067 2.000 0.064 10.000 3.299 16.000
-2.098  -0.927    0.000    1.000  0.980    0.819    0.819        NA    0.985     0.844     NA    0.969     0.960    0.994    0.978    0.879    2.605   0.011  221.455 8.000  -3.174 1.000 -0.185 9.000 2.806 15.000 -3.004 2.000 -0.074 10.000 2.984 16.000 -2.935 3.000 -0.027 12.000 3.054 18.000 -2.889 4.000 -0.032 11.000 3.006 17.000
-3.260  -1.095    0.000    1.000  0.988    0.817    0.817        NA    0.976     0.782     NA    0.939     0.978    0.996    0.964    0.810    2.903   0.011  227.694 8.000  -2.929 1.000 -0.096 7.000 2.637 15.000 -2.833 2.000 -0.093 8.000 2.658 16.000 -2.669 4.000 0.047 9.000 2.705 18.000 -2.739 3.000 -0.108 6.000 2.675 17.000
-1.645  -0.708    0.000    1.000  0.990    0.834    0.834     0.980    0.970     0.836  0.778    0.786     0.984    0.996    0.946    0.881    2.431   0.011  234.554 8.000  -3.132 1.000 -0.153 9.000 2.768 16.000 -2.880 3.000 0.033 13.000 2.907 17.000 -2.845 4.000 -0.022 12.000 3.042 19.000 -2.896 2.000 -0.059 10.000 2.970 18.000
-2.152  -0.894    0.000    1.000  0.986    0.851    0.851        NA    0.997     0.898     NA    0.957     0.975    0.992    0.973    0.863    2.434   0.011  243.790 8.000  -2.956 1.000 -0.104 8.000 2.804 15.000 -2.781 4.000 -0.004 10.000 2.979 18.000 -2.791 3.000 0.016 11.000 2.903 17.000 -2.825 2.000 -0.091 9.000 2.860 16.000

