 dG_wt_fit dG_wt_true      B_D    B_max  cor_s  cor_all  cor_low  cor_p_stab  cor_p_neu  cor_p_dest cor_s_stab  cor_s_neu  cor_s_dest cor_p_neustab cor_s_neustab    slope    inter  frac_act  rss scan p1_-1_ddG p1_-1_rank p1_0_ddG p1_0_rank p1_1_ddG p1_1_rank p2_-1_ddG p2_-1_rank p2_0_ddG p2_0_rank p2_1_ddG p2_1_rank p3_-1_ddG p3_-1_rank p3_0_ddG p3_0_rank p3_1_ddG p3_1_rank p4_-1_ddG p4_-1_rank p4_0_ddG p4_0_rank p4_1_ddG p4_1_rank "
-2.520  -0.916    0.000    1.000  0.990    0.965    0.965        NA    0.988     0.951     NA    0.969     0.982    0.996    0.978    2.347    0.782   0.011  234.365 2.500  -3.213 1.000 -0.129 8.000 2.962 15.000 -3.062 3.000 0.031 10.000 3.112 17.000 -2.945 4.000 0.054 11.000 3.099 16.000 -3.064 2.000 -0.062 9.000 3.192 18.000
-2.993  -0.907    0.000    1.000  0.983    0.939    0.939     0.948    0.979     0.905  0.707    0.939     0.971    0.990    0.972    2.262    1.203   0.011  240.717 2.500  -3.433 1.000 -0.240 9.000 3.071 14.000 -2.996 2.000 0.231 12.000 3.427 16.000 -2.982 3.000 0.149 11.000 3.459 17.000 -2.909 4.000 0.077 10.000 3.376 15.000
-2.476  -0.760    0.000    1.000  0.993    0.930    0.930        NA    0.991     0.894     NA    0.957     0.988    0.996    0.973    2.247    1.270   0.011  243.481 2.500  -3.571 1.000 -0.173 9.000 3.087 15.000 -3.129 2.000 0.113 10.000 3.453 18.000 -3.118 4.000 0.117 11.000 3.400 16.000 -3.120 3.000 0.160 12.000 3.437 17.000
-1.491  -0.618    0.000    1.000  0.990    0.974    0.974     0.960    0.971     0.963  0.845    0.812     0.982    0.994    0.955    2.288    0.612   0.011  227.905 2.500  -3.059 1.000 -0.158 9.000 2.741 15.000 -2.812 4.000 -0.002 13.000 2.890 17.000 -2.835 3.000 -0.024 12.000 2.973 18.000 -2.884 2.000 -0.102 10.000 2.817 16.000
-2.513  -0.806    0.000    1.000  0.992    0.940    0.940        NA    0.984     0.901     NA    0.957     0.985    0.992    0.973    2.325    1.099   0.011  228.576 2.500  -3.442 1.000 -0.193 9.000 3.264 16.000 -3.086 3.000 0.018 10.000 3.446 17.000 -3.113 2.000 0.119 11.000 3.544 19.000 -2.943 4.000 0.174 12.000 3.521 18.000
-2.719  -0.977    0.000    1.000  0.990    0.939    0.939     0.971    0.983     0.919  0.707    0.906     0.984    0.996    0.964    2.049    1.205   0.011  236.125 3.000  -3.241 1.000 -0.193 7.000 3.021 16.000 -2.909 3.000 0.120 10.000 3.364 19.000 -3.032 2.000 0.016 8.000 3.330 18.000 -2.798 4.000 0.079 9.000 3.365 20.000
-3.356  -1.002    0.000    1.000  0.985    0.917    0.917        NA    0.983     0.887     NA    0.940     0.974    0.993    0.966    2.002    1.590   0.011  240.514 3.000  -3.391 1.000 -0.228 7.000 2.873 15.000 -2.751 4.000 0.132 9.000 3.056 17.000 -2.944 2.000 0.161 10.000 3.172 18.000 -2.876 3.000 0.117 8.000 3.054 16.000
-3.636  -1.060    0.000    1.000  0.990    0.910    0.910        NA    0.986     0.876     NA    0.939     0.984    0.993    0.964    1.933    1.690   0.011  246.514 3.000  -3.299 1.000 -0.209 7.000 2.830 15.000 -2.804 3.000 0.149 9.000 3.084 18.000 -2.746 4.000 0.152 10.000 3.131 19.000 -2.818 2.000 0.133 8.000 3.073 17.000
-1.504  -0.736    0.000    1.000  0.993    0.951    0.951     0.981    0.987     0.940  0.707    0.940     0.988    0.996    0.973    2.079    0.864   0.011  236.088 3.000  -3.244 1.000 -0.141 10.000 2.900 15.000 -3.054 3.000 -0.104 11.000 2.924 16.000 -3.075 2.000 -0.100 12.000 3.070 18.000 -2.928 4.000 0.015 13.000 3.002 17.000
-4.046  -1.195    0.000    1.000  0.991    0.924    0.924        NA    0.960     0.898     NA    0.845     0.986    0.991    0.937    2.004    1.556   0.011  234.145 3.000  -3.292 1.000 -0.230 5.000 2.648 13.000 -2.635 4.000 0.232 8.000 2.963 15.000 -2.798 2.000 0.116 6.000 3.042 16.000 -2.789 3.000 0.124 7.000 3.106 17.000
-2.479  -0.975    0.000    1.000  0.990    0.930    0.930        NA    0.990     0.919     NA    0.809     0.984    0.998    0.924    1.847    1.309   0.011  227.923 3.500  -3.151 1.000 -0.133 7.000 3.047 15.000 -2.990 3.000 -0.002 9.000 3.189 17.000 -3.025 2.000 -0.020 8.000 3.229 18.000 -2.884 4.000 0.067 11.000 3.232 19.000
-2.666  -0.937    0.000    1.000  0.984    0.924    0.924     0.141    0.965     0.896  0.354    0.957     0.970    0.991    0.967    1.932    1.340   0.011  249.141 3.500  -3.314 1.000 -0.203 8.000 2.890 15.000 -2.779 5.000 0.100 10.000 3.291 17.000 -2.937 4.000 0.058 9.000 3.383 18.000 -3.086 3.000 0.107 11.000 3.161 16.000
-3.398  -1.000    0.000    1.000  0.985    0.902    0.902        NA    0.962     0.862     NA    0.870     0.975    0.991    0.944    1.868    1.734   0.011  241.878 3.500  -3.237 1.000 -0.211 7.000 2.818 15.000 -2.900 2.000 0.055 8.000 2.974 17.000 -2.651 4.000 0.087 10.000 2.964 16.000 -2.688 3.000 0.109 11.000 3.074 18.000
-2.701  -0.995    0.000    1.000  0.990    0.927    0.927     0.958    0.991     0.919  0.707    0.939     0.983    0.996    0.972    1.840    1.412   0.011  244.580 3.500  -3.234 1.000 -0.175 7.000 3.041 16.000 -2.888 3.000 0.052 10.000 3.331 19.000 -2.748 4.000 0.015 8.000 3.255 18.000 -2.914 2.000 0.030 9.000 3.214 17.000
-3.496  -1.001    0.000    1.000  0.992    0.897    0.897        NA    0.969     0.873     NA    0.939     0.986    0.991    0.964    1.752    1.888   0.011  238.979 3.500  -3.298 1.000 -0.248 7.000 2.710 15.000 -2.724 4.000 0.100 9.000 3.055 17.000 -2.738 3.000 0.152 10.000 3.058 18.000 -2.841 2.000 0.067 8.000 3.010 16.000
-3.142  -1.088    0.000    1.000  0.985    0.916    0.916        NA    0.994     0.917     NA    0.906     0.977    0.998    0.953    1.589    1.696   0.011  234.964 4.000  -3.003 1.000 -0.096 7.000 2.635 15.000 -2.718 3.000 -0.036 8.000 2.742 17.000 -2.690 4.000 0.048 10.000 2.784 18.000 -2.770 2.000 0.009 9.000 2.698 16.000
-2.069  -0.843    0.000    1.000  0.991    0.916    0.916        NA    0.997     0.915     NA    0.957     0.983    0.989    0.973    1.625    1.472   0.011  228.678 4.000  -2.991 1.000 -0.049 10.000 2.830 15.000 -2.783 4.000 -0.052 9.000 2.850 16.000 -2.908 3.000 -0.019 11.000 2.878 19.000 -2.911 2.000 -0.018 12.000 2.869 18.000
-2.273  -0.792    0.000    1.000  0.982    0.904    0.904     0.963    0.978     0.913  0.778    0.939     0.966    0.994    0.973    1.646    1.707   0.011  233.944 4.000  -3.276 1.000 -0.207 9.000 3.102 15.000 -2.929 3.000 0.170 12.000 3.608 19.000 -3.082 2.000 0.051 10.000 3.407 17.000 -2.786 4.000 0.099 11.000 3.274 16.000
-2.369  -0.994    0.000    1.000  0.980    0.942    0.942     0.890    0.997     0.934  0.707    0.875     0.965    0.998    0.958    1.744    1.174   0.011  228.122 4.000  -2.866 1.000 -0.115 6.000 2.789 15.000 -2.677 2.000 -0.043 7.000 2.816 16.000 -2.667 3.000 0.019 10.000 3.044 18.000 -2.594 4.000 -0.027 8.000 3.026 17.000
-1.990  -0.743    0.000    1.000  0.987    0.909    0.909     0.432    0.967     0.909  0.354    0.914     0.976    0.988    0.955    1.611    1.579   0.011  221.055 4.000  -3.030 1.000 -0.073 9.000 2.817 15.000 -2.611 5.000 0.081 13.000 2.856 16.000 -2.689 3.000 0.062 11.000 2.976 17.000 -2.681 4.000 0.070 12.000 3.115 18.000
-2.420  -0.993    0.000    1.000  0.983    0.915    0.915     0.952    0.989     0.930  0.707    0.957     0.969    0.992    0.978    1.470    1.632   0.011  246.655 4.500  -2.975 1.000 -0.179 7.000 2.730 15.000 -2.783 2.000 -0.052 8.000 2.948 16.000 -2.686 4.000 0.009 10.000 3.018 18.000 -2.713 3.000 -0.008 9.000 3.004 17.000
-2.299  -0.876    0.000    1.000  0.986    0.919    0.919     0.985    0.978     0.930  0.707    0.845     0.978    0.997    0.953    1.529    1.595   0.011  236.729 4.500  -3.050 1.000 -0.147 8.000 2.764 15.000 -2.743 4.000 0.052 11.000 2.985 17.000 -2.839 3.000 -0.042 9.000 2.810 16.000 -2.893 2.000 -0.018 10.000 3.003 18.000
-2.940  -0.964    0.000    1.000  0.988    0.887    0.887     0.979    0.966     0.903  0.707    0.957     0.979    0.996    0.978    1.471    2.031   0.011  246.514 4.500  -3.246 1.000 -0.131 7.000 3.030 15.000 -2.938 3.000 0.129 10.000 3.460 17.000 -2.880 4.000 0.094 8.000 3.516 18.000 -2.953 2.000 0.102 9.000 3.373 16.000
-2.982  -1.039    0.000    1.000  0.984    0.914    0.914     0.976    0.986     0.911  0.707    0.939     0.971    0.996    0.972    1.533    1.684   0.011  236.272 4.500  -2.830 1.000 -0.137 7.000 2.528 16.000 -2.609 2.000 -0.013 9.000 2.711 19.000 -2.588 3.000 -0.084 8.000 2.484 15.000 -2.525 4.000 0.033 10.000 2.610 17.000
-3.193  -1.071    0.000    1.000  0.973    0.869    0.869        NA    0.953     0.847     NA    0.894     0.951    0.992    0.951    1.424    2.128   0.011  210.072 4.500  -2.973 1.000 -0.150 7.000 2.503 15.000 -2.745 2.000 -0.055 8.000 2.532 16.000 -2.690 3.000 -0.047 10.000 2.565 17.000 -2.602 4.000 0.017 11.000 2.630 18.000
-3.330  -1.087    0.000    1.000  0.982    0.874    0.874        NA    0.984     0.877     NA    0.809     0.970    0.994    0.924    1.317    2.204   0.011  215.803 5.000  -2.955 1.000 -0.133 5.000 2.665 16.000 -2.744 3.000 0.074 8.000 2.657 15.000 -2.739 4.000 0.092 9.000 2.753 17.000 -2.766 2.000 0.016 7.000 2.812 18.000
-2.305  -0.963    0.000    1.000  0.991    0.896    0.896        NA    0.995     0.913     NA    0.957     0.985    0.998    0.972    1.331    1.841   0.011  238.826 5.000  -2.980 1.000 -0.098 8.000 2.804 15.000 -2.867 2.000 -0.034 10.000 3.094 18.000 -2.842 3.000 -0.074 9.000 2.986 16.000 -2.803 4.000 0.001 11.000 2.995 17.000
-2.051  -0.852    0.000    1.000  0.987    0.908    0.908     0.966    0.993     0.922  0.845    0.808     0.978    0.998    0.958    1.400    1.668   0.011  236.108 5.000  -2.976 1.000 -0.178 8.000 2.671 15.000 -2.666 3.000 -0.039 11.000 2.800 16.000 -2.770 2.000 -0.053 10.000 3.057 18.000 -2.648 4.000 -0.010 12.000 2.825 17.000
-2.523  -1.000    0.000    1.000  0.988    0.898    0.898        NA    0.993     0.905     NA    0.939     0.981    0.997    0.964    1.366    1.812   0.011  237.952 5.000  -2.934 1.000 -0.140 9.000 2.536 17.000 -2.765 2.000 -0.164 8.000 2.418 15.000 -2.653 4.000 -0.096 10.000 2.535 16.000 -2.667 3.000 -0.066 11.000 2.655 18.000
-2.886  -1.007    0.000    1.000  0.991    0.890    0.890     0.979    0.975     0.886  0.707    0.939     0.984    0.993    0.972    1.344    1.939   0.011  241.799 5.000  -2.831 1.000 -0.132 7.000 2.512 15.000 -2.559 2.000 -0.042 8.000 2.630 17.000 -2.541 4.000 0.060 10.000 2.747 18.000 -2.551 3.000 0.013 9.000 2.574 16.000
-1.612  -0.657    0.000    1.000  0.991    0.883    0.883     0.869    0.996     0.912  0.707    0.957     0.984    0.994    0.978    1.269    1.911   0.011  233.110 5.500  -3.040 1.000 -0.103 10.000 2.755 15.000 -2.748 4.000 -0.017 11.000 2.931 16.000 -2.795 3.000 -0.005 13.000 3.192 18.000 -2.801 2.000 -0.010 12.000 3.017 17.000
-1.608  -0.769    0.000    1.000  0.988    0.891    0.891     0.988    0.990     0.920  0.707    0.957     0.979    0.997    0.978    1.275    1.806   0.011  224.870 5.500  -2.968 1.000 -0.105 9.000 2.852 17.000 -2.792 4.000 0.024 12.000 2.838 16.000 -2.867 3.000 -0.020 11.000 2.860 18.000 -2.881 2.000 -0.035 10.000 2.911 20.000
-2.007  -0.914    0.000    1.000  0.987    0.893    0.893     0.970    0.995     0.920  0.707    0.957     0.976    0.990    0.978    1.269    1.828   0.011  240.419 5.500  -2.995 1.000 -0.067 8.000 2.687 15.000 -2.727 4.000 0.008 11.000 2.802 16.000 -2.861 2.000 -0.042 9.000 2.855 17.000 -2.739 3.000 -0.005 10.000 2.953 18.000
-3.238  -1.063    0.000    1.000  0.990    0.874    0.874        NA    0.949     0.889     NA    0.939     0.984    0.996    0.964    1.238    2.238   0.011  227.163 5.500  -2.975 1.000 -0.110 7.000 2.790 17.000 -2.727 4.000 -0.015 9.000 2.713 15.000 -2.810 3.000 0.090 10.000 2.806 18.000 -2.849 2.000 -0.027 8.000 2.773 16.000
-2.632  -0.943    0.000    1.000  0.992    0.852    0.852        NA    0.976     0.861     NA    0.875     0.988    0.996    0.946    1.204    2.310   0.011  230.662 5.500  -3.242 1.000 -0.136 8.000 2.983 15.000 -2.871 4.000 0.036 10.000 3.137 16.000 -2.942 3.000 0.044 12.000 3.302 18.000 -2.957 2.000 0.000 9.000 3.173 17.000
-1.930  -0.867    0.000    1.000  0.990    0.884    0.884     0.978    0.991     0.911  0.845    0.906     0.982    0.996    0.972    1.170    1.949   0.011  237.619 6.000  -2.991 1.000 -0.198 8.000 2.695 15.000 -2.754 3.000 -0.028 10.000 2.904 18.000 -2.704 4.000 0.025 11.000 2.811 17.000 -2.768 2.000 -0.042 9.000 2.810 16.000
-1.749  -0.719    0.000    1.000  0.990    0.879    0.879     0.958    0.992     0.909  0.707    0.957     0.981    0.997    0.978    1.166    1.989   0.011  235.622 6.000  -2.988 1.000 -0.165 9.000 2.644 15.000 -2.752 4.000 -0.041 11.000 2.836 19.000 -2.809 2.000 -0.100 10.000 2.685 17.000 -2.783 3.000 0.007 12.000 2.756 18.000
-2.269  -0.780    0.000    1.000  0.991    0.829    0.829        NA    0.976     0.834     NA    0.914     0.985    0.990    0.958    1.153    2.480   0.011  230.441 6.000  -3.282 1.000 -0.189 9.000 2.970 16.000 -2.737 4.000 0.095 13.000 3.130 18.000 -2.950 2.000 -0.079 11.000 3.087 17.000 -2.879 3.000 0.045 12.000 3.316 19.000
-2.198  -0.679    0.000    1.000  0.989    0.834    0.834        NA    0.980     0.860     NA    0.894     0.981    0.993    0.951    1.150    2.471   0.011  227.131 6.000  -3.390 1.000 -0.176 10.000 3.010 15.000 -2.874 4.000 0.077 13.000 3.242 16.000 -2.942 3.000 0.098 14.000 3.323 19.000 -3.000 2.000 -0.003 11.000 3.303 18.000
-1.495  -0.763    0.000    1.000  0.987    0.882    0.882     0.714    0.977     0.918  0.707    0.896     0.976    0.995    0.962    1.193    1.922   0.011  212.622 6.000  -3.052 1.000 -0.167 9.000 2.818 16.000 -2.772 4.000 0.008 12.000 2.814 15.000 -2.944 2.000 -0.091 11.000 2.985 17.000 -2.794 3.000 0.011 13.000 3.051 18.000
-2.498  -0.799    0.000    1.000  0.991    0.830    0.830     0.948    0.973     0.871  0.707    0.940     0.984    0.995    0.973    1.050    2.598   0.011  234.047 6.500  -3.321 1.000 -0.220 7.000 2.963 15.000 -2.945 3.000 0.078 9.000 3.422 18.000 -3.011 2.000 0.057 8.000 3.294 16.000 -2.804 4.000 0.109 10.000 3.372 17.000
-2.355  -0.846    0.000    1.000  0.990    0.864    0.864     0.899    0.978     0.915  0.676    0.913     0.982    0.992    0.962    1.084    2.319   0.011  229.323 6.500  -3.082 1.000 -0.183 8.000 2.727 15.000 -2.655 3.000 0.134 10.000 3.059 16.000 -2.476 5.000 0.167 11.000 3.216 18.000 -2.544 4.000 0.087 9.000 3.104 17.000
-2.731  -0.985    0.000    1.000  0.987    0.814    0.814        NA    0.959     0.826     NA    0.938     0.977    0.991    0.967    1.052    2.683   0.011  226.049 6.500  -3.386 1.000 -0.254 9.000 3.003 15.000 -2.917 3.000 0.096 12.000 3.263 17.000 -2.909 4.000 0.077 11.000 3.173 16.000 -2.946 2.000 0.120 13.000 3.370 18.000
-3.145  -1.000    0.000    1.000  0.988    0.814    0.814        NA    0.981     0.838     NA    0.957     0.978    0.992    0.973    1.035    2.799   0.011  241.376 6.500  -3.310 1.000 -0.226 7.000 2.878 15.000 -3.003 2.000 -0.014 8.000 2.972 17.000 -2.947 3.000 0.033 9.000 2.942 16.000 -2.776 4.000 0.040 10.000 3.064 18.000
-3.317  -1.000    0.000    1.000  0.991    0.809    0.809        NA    0.973     0.837     NA    0.882     0.983    0.994    0.946    0.991    2.883   0.011  241.547 6.500  -3.268 1.000 -0.209 6.000 2.770 15.000 -2.861 3.000 0.068 11.000 2.972 18.000 -2.782 4.000 0.014 9.000 2.953 17.000 -2.898 2.000 0.040 10.000 2.911 16.000
-3.129  -1.113    0.000    1.000  0.991    0.831    0.831        NA    0.934     0.856     NA    0.812     0.985    0.995    0.928    0.966    2.680   0.011  228.741 7.000  -3.053 1.000 -0.154 6.000 2.636 15.000 -2.805 2.000 0.003 8.000 2.835 18.000 -2.744 3.000 0.091 11.000 2.737 16.000 -2.726 4.000 0.007 9.000 2.806 17.000
-2.370  -0.792    0.000    1.000  0.993    0.822    0.822     0.949    0.987     0.875  0.845    0.939     0.987    0.995    0.978    0.938    2.685   0.011  241.501 7.000  -3.276 1.000 -0.200 8.000 2.865 15.000 -2.755 4.000 0.066 9.000 3.191 17.000 -2.814 2.000 0.124 10.000 3.292 18.000 -2.779 3.000 0.140 11.000 3.120 16.000
-1.680  -0.913    0.000    1.000  0.980    0.869    0.869     0.891    0.994     0.922  0.707    0.914     0.964    0.988    0.967    1.019    2.096   0.011  226.626 7.000  -3.013 1.000 -0.187 8.000 2.678 15.000 -2.766 2.000 -0.021 10.000 2.892 18.000 -2.741 4.000 -0.049 9.000 2.884 17.000 -2.754 3.000 0.065 12.000 2.716 16.000
-2.338  -0.874    0.000    1.000  0.991    0.831    0.831        NA    0.993     0.874     NA    0.969     0.984    0.992    0.978    0.972    2.555   0.011  227.715 7.000  -3.222 1.000 -0.163 8.000 2.961 15.000 -2.880 3.000 0.025 11.000 3.146 17.000 -2.862 4.000 -0.042 10.000 3.085 16.000 -3.117 2.000 -0.057 9.000 3.261 18.000
-2.437  -0.987    0.000    1.000  0.990    0.855    0.855        NA    0.990     0.904     NA    0.957     0.982    0.997    0.972    1.013    2.390   0.011  242.469 7.000  -3.162 1.000 -0.102 8.000 3.033 15.000 -3.087 2.000 0.020 10.000 3.283 18.000 -3.069 3.000 -0.006 9.000 3.254 17.000 -3.033 4.000 -0.108 7.000 3.115 16.000
-2.836  -0.933    0.000    1.000  0.989    0.788    0.788     0.956    0.927     0.829  0.707    0.905     0.981    0.994    0.964    0.860    3.050   0.011  242.079 7.500  -3.452 1.000 -0.236 7.000 3.078 15.000 -2.989 3.000 0.030 8.000 3.473 17.000 -2.921 4.000 0.171 10.000 3.575 18.000 -3.134 2.000 0.038 9.000 3.401 16.000
-1.976  -0.922    0.000    1.000  0.984    0.833    0.833        NA    0.966     0.881     NA    0.932     0.971    0.981    0.964    0.915    2.457   0.011  217.641 7.500  -3.119 1.000 -0.111 12.000 2.658 15.000 -2.831 2.000 -0.121 11.000 2.874 17.000 -2.805 3.000 -0.027 13.000 2.858 16.000 -2.782 4.000 0.136 14.000 2.982 18.000
-2.968  -1.003    0.000    1.000  0.988    0.833    0.833        NA    0.963     0.877     NA    0.940     0.979    0.995    0.966    0.916    2.704   0.011  235.472 7.500  -3.071 1.000 -0.154 6.000 2.892 18.000 -2.855 4.000 -0.081 7.000 2.743 15.000 -2.936 3.000 -0.070 8.000 2.796 16.000 -3.003 2.000 -0.061 9.000 2.820 17.000
-3.031  -1.036    0.000    1.000  0.987    0.810    0.810        NA    0.976     0.831     NA    0.940     0.978    0.993    0.966    0.885    2.860   0.011  222.399 7.500  -3.164 1.000 -0.225 5.000 2.740 16.000 -2.878 4.000 0.033 8.000 2.949 18.000 -2.969 2.000 -0.130 6.000 2.666 15.000 -2.897 3.000 -0.017 7.000 2.866 17.000
-2.121  -0.936    0.000    1.000  0.991    0.858    0.858     0.990    0.974     0.905  0.707    0.957     0.984    0.996    0.978    0.935    2.309   0.011  230.467 7.500  -2.914 1.000 -0.147 8.000 2.826 15.000 -2.745 3.000 -0.056 9.000 2.852 17.000 -2.743 4.000 0.021 11.000 2.964 18.000 -2.799 2.000 -0.049 10.000 2.838 16.000
-2.440  -0.853    0.000    1.000  0.992    0.795    0.795     0.962    0.978     0.826  0.707    0.914     0.988    0.994    0.967    0.843    2.896   0.011  244.733 8.000  -3.362 1.000 -0.186 8.000 3.159 15.000 -3.053 3.000 0.080 11.000 3.556 18.000 -2.833 4.000 0.159 12.000 3.443 17.000 -3.067 2.000 0.064 10.000 3.299 16.000
-2.098  -0.927    0.000    1.000  0.980    0.819    0.819        NA    0.985     0.844     NA    0.969     0.960    0.994    0.978    0.879    2.605   0.011  221.455 8.000  -3.174 1.000 -0.185 9.000 2.806 15.000 -3.004 2.000 -0.074 10.000 2.984 16.000 -2.935 3.000 -0.027 12.000 3.054 18.000 -2.889 4.000 -0.032 11.000 3.006 17.000
-3.260  -1.095    0.000    1.000  0.988    0.817    0.817        NA    0.976     0.782     NA    0.939     0.978    0.996    0.964    0.810    2.903   0.011  227.694 8.000  -2.929 1.000 -0.096 7.000 2.637 15.000 -2.833 2.000 -0.093 8.000 2.658 16.000 -2.669 4.000 0.047 9.000 2.705 18.000 -2.739 3.000 -0.108 6.000 2.675 17.000
-1.645  -0.708    0.000    1.000  0.990    0.834    0.834     0.980    0.970     0.836  0.778    0.786     0.984    0.996    0.946    0.881    2.431   0.011  234.554 8.000  -3.132 1.000 -0.153 9.000 2.768 16.000 -2.880 3.000 0.033 13.000 2.907 17.000 -2.845 4.000 -0.022 12.000 3.042 19.000 -2.896 2.000 -0.059 10.000 2.970 18.000
-2.152  -0.894    0.000    1.000  0.986    0.851    0.851        NA    0.997     0.898     NA    0.957     0.975    0.992    0.973    0.863    2.434   0.011  243.790 8.000  -2.956 1.000 -0.104 8.000 2.804 15.000 -2.781 4.000 -0.004 10.000 2.979 18.000 -2.791 3.000 0.016 11.000 2.903 17.000 -2.825 2.000 -0.091 9.000 2.860 16.000
