 dG_wt_fit dG_wt_true      B_D    B_max  cor_s  cor_all  cor_low  cor_p_stab  cor_p_neu  cor_p_dest cor_s_stab  cor_s_neu  cor_s_dest cor_p_neustab cor_s_neustab    slope    inter  frac_act  rss scan p1_-1_ddG p1_-1_rank p1_0_ddG p1_0_rank p1_1_ddG p1_1_rank p2_-1_ddG p2_-1_rank p2_0_ddG p2_0_rank p2_1_ddG p2_1_rank p3_-1_ddG p3_-1_rank p3_0_ddG p3_0_rank p3_1_ddG p3_1_rank p4_-1_ddG p4_-1_rank p4_0_ddG p4_0_rank p4_1_ddG p4_1_rank "
-0.941  -0.278    0.000    1.000  0.990    0.995    0.995     0.939    0.991     0.974  0.707    0.977     0.980    0.997    0.985    3.786    0.052   0.011  202.204 -0.100  -3.927 1.000 0.007 13.000 3.695 19.000 -3.739 4.000 -0.089 11.000 3.831 22.000 -3.837 2.000 -0.149 10.000 3.377 17.000 -3.773 3.000 -0.001 12.000 3.755 21.000
-0.688  -0.327    0.000    1.000  0.984    0.995    0.995     0.954    0.995     0.974  0.707    0.969     0.970    0.999    0.982    4.040   -0.011   0.011  210.910 -0.100  -4.279 3.000 -0.113 9.000 4.204 18.000 -4.339 2.000 -0.095 10.000 4.272 20.000 -4.228 4.000 0.060 12.000 4.234 19.000 -4.386 1.000 -0.060 11.000 4.169 17.000
-1.054  -0.346    0.000    1.000  0.989    0.992    0.992        NA    0.986     0.959     NA    0.938     0.981    0.997    0.967    4.447    0.031   0.011  220.704 -0.100  -4.548 4.000 0.055 12.000 4.691 18.000 -4.619 2.000 0.103 13.000 4.652 17.000 -4.602 3.000 0.030 11.000 4.760 20.000 -4.786 1.000 -0.172 9.000 4.712 19.000
-2.013  -0.552    0.000    1.000  0.989    0.995    0.995        NA    0.984     0.978     NA    0.957     0.981    0.998    0.972    4.226    0.039   0.011  212.550 -0.100  -4.326 4.000 0.095 11.000 4.446 21.000 -4.425 1.000 -0.133 8.000 4.381 19.000 -4.337 3.000 -0.001 10.000 4.283 17.000 -4.383 2.000 -0.078 9.000 4.336 18.000
-1.033  -0.275    0.000    1.000  0.989    0.994    0.994     0.985    0.998     0.966  0.707    0.907     0.979    0.996    0.963    3.953    0.090   0.011  210.618 -0.100  -4.134 1.000 -0.161 8.000 4.072 22.000 -3.996 3.000 0.006 10.000 3.940 20.000 -4.034 2.000 0.044 12.000 3.805 19.000 -3.941 4.000 0.012 11.000 3.725 17.000
-0.377  -0.098    0.000    1.000  0.991    0.989    0.989     0.995    0.993     0.933  0.845    0.969     0.981    0.998    0.985    4.209    0.172   0.011  221.927 0.000  -4.317 2.000 -0.078 12.000 4.289 19.000 -4.260 4.000 0.049 13.000 4.295 20.000 -4.272 3.000 0.050 14.000 4.090 18.000 -4.516 1.000 -0.215 11.000 3.990 17.000
-1.611  -0.447    0.000    1.000  0.988    0.992    0.992     0.979    0.990     0.964  0.707    0.969     0.977    0.998    0.982    3.952    0.165   0.011  206.966 0.000  -4.077 2.000 0.069 12.000 4.265 22.000 -3.908 4.000 0.000 11.000 4.011 19.000 -4.025 3.000 -0.017 10.000 4.021 20.000 -4.280 1.000 -0.223 9.000 3.996 18.000
-0.922  -0.360    0.000    1.000  0.991    0.996    0.996        NA    0.987     0.978     NA    0.954     0.983    0.998    0.973    3.958   -0.007   0.011  216.255 0.000  -4.149 1.000 -0.086 10.000 4.149 20.000 -4.059 4.000 -0.006 12.000 4.112 18.000 -4.110 2.000 -0.027 11.000 3.769 17.000 -4.077 3.000 0.091 13.000 4.143 19.000
-2.528  -0.597    0.000    1.000  0.974    0.988    0.988        NA    0.998     0.942     NA    0.968     0.951    0.999    0.978    3.937    0.243   0.011  225.871 0.000  -4.014 1.000 -0.056 7.000 3.954 17.000 -3.885 3.000 0.089 10.000 4.216 20.000 -3.878 4.000 -0.045 8.000 4.091 19.000 -3.889 2.000 0.062 9.000 4.060 18.000
-1.482  -0.335    0.000    1.000  0.989    0.993    0.993     0.999    0.994     0.955  0.845    0.957     0.977    0.999    0.982    4.135    0.170   0.011  221.419 0.000  -4.275 1.000 -0.159 9.000 3.984 17.000 -4.171 4.000 0.082 12.000 4.178 18.000 -4.210 2.000 0.011 11.000 4.331 20.000 -4.198 3.000 0.007 10.000 4.223 19.000
-1.439  -0.548    0.000    1.000  0.988    0.991    0.991        NA    0.959     0.955     NA    0.968     0.977    0.995    0.978    3.891    0.001   0.011  214.019 0.100  -4.164 1.000 -0.099 10.000 4.276 21.000 -4.060 4.000 -0.083 11.000 4.192 20.000 -4.125 2.000 -0.132 9.000 4.069 18.000 -4.080 3.000 -0.038 12.000 4.027 17.000
-1.591  -0.399    0.000    1.000  0.989    0.995    0.995     0.994    0.997     0.972  0.707    0.930     0.978    0.998    0.970    4.083    0.130   0.011  221.909 0.100  -4.266 1.000 -0.110 8.000 4.148 18.000 -4.202 3.000 0.035 10.000 4.284 21.000 -4.260 2.000 -0.122 7.000 4.162 19.000 -4.123 4.000 0.050 11.000 4.226 20.000
-0.856  -0.385    0.000    1.000  0.991    0.997    0.997     0.997    0.992     0.981  0.845    0.957     0.983    0.999    0.982    3.912   -0.070   0.011  214.240 0.100  -4.043 5.000 -0.077 12.000 3.932 18.000 -4.198 2.000 -0.108 10.000 3.864 17.000 -4.066 4.000 -0.040 13.000 4.005 19.000 -4.082 3.000 -0.093 11.000 3.853 16.000
-2.779  -0.724    0.000    1.000  0.967    0.992    0.992        NA    0.994     0.951     NA    0.954     0.936    0.998    0.973    4.210    0.062   0.011  204.147 0.100  -4.084 4.000 0.077 11.000 4.239 20.000 -4.231 2.000 -0.043 9.000 3.956 17.000 -4.311 1.000 -0.125 7.000 4.021 18.000 -4.159 3.000 -0.015 10.000 4.143 19.000
-1.705  -0.443    0.000    1.000  0.970    0.992    0.992     0.980    0.983     0.950  0.707    0.957     0.942    0.997    0.978    4.052    0.117   0.011  195.927 0.100  -4.370 1.000 -0.194 9.000 3.750 17.000 -4.157 2.000 -0.045 10.000 4.096 19.000 -4.007 4.000 0.129 12.000 4.132 20.000 -4.114 3.000 -0.034 11.000 3.953 18.000
-0.624  -0.334    0.000    1.000  0.986    0.994    0.994     0.992    0.996     0.963  0.707    0.949     0.972    0.999    0.976    3.896   -0.046   0.011  208.781 0.200  -4.271 1.000 -0.044 11.000 3.808 18.000 -4.097 4.000 -0.059 10.000 3.745 17.000 -4.208 3.000 -0.007 13.000 3.948 21.000 -4.256 2.000 -0.028 12.000 3.859 19.000
-1.296  -0.406    0.000    1.000  0.970    0.994    0.994     0.988    0.979     0.973  0.676    0.939     0.946    0.998    0.967    4.006    0.081   0.011  203.677 0.200  -4.269 2.000 -0.016 10.000 4.073 17.000 -4.228 3.000 -0.081 8.000 4.100 18.000 -3.977 5.000 0.175 11.000 4.210 20.000 -4.272 1.000 -0.059 9.000 4.129 19.000
-1.427  -0.466    0.000    1.000  0.988    0.992    0.992     0.794    0.985     0.969  0.707    0.914     0.978    0.997    0.967    3.854    0.123   0.011  221.651 0.200  -4.336 1.000 -0.218 8.000 3.962 17.000 -3.880 4.000 0.106 12.000 4.191 19.000 -4.026 3.000 0.033 10.000 4.322 20.000 -4.050 2.000 -0.032 9.000 4.098 18.000
-1.112  -0.388    0.000    1.000  0.980    0.997    0.997     0.989    0.995     0.987  0.845    0.914     0.962    0.998    0.973    4.020   -0.014   0.011  216.788 0.200  -4.464 1.000 -0.145 9.000 4.201 18.000 -4.087 4.000 0.060 13.000 4.199 17.000 -4.114 3.000 -0.025 11.000 4.234 19.000 -4.207 2.000 -0.058 10.000 4.294 20.000
-1.642  -0.521    0.000    1.000  0.989    0.992    0.992        NA    0.989     0.967     NA    0.977     0.979    0.997    0.982    3.903    0.083   0.011  223.278 0.200  -4.036 3.000 0.015 11.000 4.124 18.000 -4.164 1.000 -0.077 9.000 3.937 17.000 -3.929 4.000 0.054 12.000 4.353 20.000 -4.057 2.000 -0.051 10.000 4.259 19.000
-1.126  -0.354    0.000    1.000  0.989    0.994    0.994     0.997    0.990     0.968  0.845    0.925     0.978    0.999    0.975    3.896    0.082   0.011  215.863 0.300  -4.131 1.000 -0.091 8.000 4.057 18.000 -3.975 4.000 0.039 12.000 4.127 19.000 -4.121 2.000 -0.051 9.000 3.964 17.000 -3.989 3.000 -0.036 10.000 4.191 20.000
-2.123  -0.653    0.000    1.000  0.990    0.993    0.993        NA    0.989     0.962     NA    0.969     0.982    0.998    0.978    3.732    0.062   0.011  220.727 0.300  -3.993 1.000 -0.146 9.000 3.789 16.000 -3.930 2.000 -0.019 11.000 4.003 17.000 -3.906 3.000 0.007 12.000 3.779 15.000 -3.853 4.000 -0.039 10.000 4.025 18.000
-1.693  -0.533    0.000    1.000  0.986    0.996    0.996        NA    0.995     0.977     NA    0.975     0.971    0.999    0.982    3.799    0.004   0.011  216.331 0.300  -3.878 2.000 -0.047 11.000 3.779 19.000 -3.833 4.000 -0.114 9.000 3.860 20.000 -3.863 3.000 0.013 12.000 3.722 18.000 -3.903 1.000 -0.108 10.000 3.717 17.000
-1.236  -0.496    0.000    1.000  0.993    0.992    0.992     0.989    0.977     0.967  0.707    0.653     0.987    0.997    0.899    3.675   -0.042   0.011  209.953 0.300  -3.952 2.000 -0.147 11.000 3.496 17.000 -4.048 1.000 -0.219 9.000 3.539 18.000 -3.844 3.000 -0.048 12.000 3.953 20.000 -3.794 4.000 -0.008 13.000 3.636 19.000
-2.719  -0.762    0.000    1.000  0.964    0.989    0.989        NA    0.952     0.947     NA    0.912     0.932    0.996    0.957    3.910    0.116   0.011  223.021 0.300  -4.257 1.000 -0.246 5.000 3.968 21.000 -3.936 2.000 -0.008 9.000 4.059 22.000 -3.883 4.000 0.055 10.000 3.946 19.000 -3.906 3.000 -0.073 8.000 3.965 20.000
-2.627  -0.663    0.000    1.000  0.990    0.991    0.991     0.992    0.995     0.968  0.707    0.939     0.982    0.999    0.972    3.954    0.178   0.011  235.576 0.400  -4.216 1.000 -0.177 7.000 4.053 18.000 -4.032 3.000 0.024 9.000 4.306 21.000 -4.205 2.000 -0.060 8.000 4.124 19.000 -3.939 4.000 0.046 10.000 4.305 20.000
-2.642  -0.702    0.000    1.000  0.994    0.988    0.988     0.995    0.986     0.950  0.707    0.939     0.989    0.998    0.972    4.011    0.175   0.011  228.545 0.400  -4.344 1.000 -0.121 8.000 4.174 17.000 -4.139 4.000 0.064 11.000 4.266 18.000 -4.140 3.000 0.049 10.000 4.305 19.000 -4.211 2.000 0.007 9.000 4.367 20.000
-2.935  -0.772    0.000    1.000  0.980    0.991    0.991        NA    0.998     0.964     NA    0.957     0.965    1.000    0.972    4.040    0.106   0.011  209.928 0.400  -4.209 1.000 -0.085 6.000 4.216 18.000 -4.151 3.000 0.004 8.000 4.242 20.000 -4.184 2.000 -0.014 7.000 4.136 17.000 -4.141 4.000 0.121 9.000 4.235 19.000
-1.090  -0.303    0.000    1.000  0.993    0.996    0.996     0.992    0.993     0.976  0.707    0.977     0.985    0.998    0.985    3.995    0.039   0.011  210.204 0.400  -4.060 1.000 -0.151 10.000 3.860 21.000 -3.958 4.000 0.001 12.000 4.063 22.000 -3.991 3.000 0.024 13.000 3.837 20.000 -4.020 2.000 -0.076 11.000 3.760 18.000
-1.452  -0.479    0.000    1.000  0.988    0.996    0.996     0.998    0.999     0.976  0.707    0.969     0.978    1.000    0.982    3.783    0.019   0.011  214.686 0.400  -4.010 1.000 -0.117 8.000 4.098 20.000 -3.975 2.000 -0.094 9.000 3.798 17.000 -3.973 3.000 -0.039 11.000 3.830 18.000 -3.920 4.000 -0.040 10.000 3.917 19.000
-1.893  -0.598    0.000    1.000  0.965    0.989    0.989        NA    0.979     0.956     NA    0.968     0.933    0.997    0.978    3.616    0.117   0.011  206.687 0.500  -3.761 1.000 -0.085 8.000 3.539 17.000 -3.712 3.000 -0.079 9.000 3.668 19.000 -3.738 2.000 0.008 11.000 3.680 20.000 -3.589 4.000 -0.008 10.000 3.809 21.000
-2.771  -0.826    0.000    1.000  0.954    0.985    0.985        NA    0.988     0.934     NA    0.969     0.915    0.993    0.978    3.759    0.166   0.011  218.959 0.500  -4.137 1.000 -0.130 9.000 3.927 19.000 -3.755 3.000 0.169 12.000 3.871 17.000 -3.653 4.000 0.080 11.000 4.035 20.000 -4.054 2.000 -0.051 10.000 3.887 18.000
-2.900  -0.694    0.000    1.000  0.992    0.983    0.983        NA    0.977     0.943     NA    0.940     0.986    0.997    0.966    3.830    0.338   0.011  244.961 0.500  -4.250 1.000 -0.241 7.000 4.071 18.000 -3.952 3.000 0.064 8.000 4.198 19.000 -3.908 4.000 0.152 10.000 4.321 20.000 -4.012 2.000 0.068 9.000 3.974 17.000
-1.917  -0.432    0.000    1.000  0.991    0.995    0.995     0.994    0.989     0.977  0.707    0.958     0.982    0.998    0.979    3.683    0.210   0.011  225.317 0.500  -3.804 1.000 -0.012 9.000 3.849 20.000 -3.615 4.000 0.050 11.000 3.735 17.000 -3.655 3.000 0.091 12.000 3.770 18.000 -3.683 2.000 -0.009 10.000 3.799 19.000
-2.284  -0.499    0.000    1.000  0.993    0.989    0.989     0.978    0.965     0.945  0.845    0.919     0.986    0.997    0.973    3.750    0.308   0.011  220.356 0.500  -3.988 1.000 -0.195 7.000 3.882 18.000 -3.827 3.000 0.080 8.000 3.936 20.000 -3.867 2.000 0.082 9.000 3.713 17.000 -3.649 4.000 0.176 10.000 3.993 21.000
-2.304  -0.680    0.000    1.000  0.994    0.994    0.994     0.973    0.991     0.978  0.707    0.957     0.989    0.997    0.978    3.641    0.099   0.011  227.905 0.600  -3.964 1.000 -0.201 8.000 3.556 17.000 -3.803 2.000 -0.035 9.000 3.712 18.000 -3.557 4.000 0.067 10.000 3.753 19.000 -3.607 3.000 0.082 11.000 3.854 20.000
-2.830  -0.839    0.000    1.000  0.986    0.994    0.994        NA    0.974     0.979     NA    0.932     0.974    0.997    0.964    3.636    0.096   0.011  216.495 0.600  -3.874 1.000 -0.075 6.000 3.596 17.000 -3.666 3.000 -0.046 7.000 3.665 18.000 -3.723 2.000 0.066 8.000 3.797 20.000 -3.582 4.000 0.100 9.000 3.872 21.000
-1.559  -0.511    0.000    1.000  0.971    0.994    0.994     0.992    0.996     0.968  0.845    0.939     0.947    0.998    0.978    3.734    0.034   0.011  220.471 0.600  -4.131 1.000 -0.220 9.000 3.576 16.000 -3.864 2.000 -0.066 10.000 3.750 18.000 -3.795 4.000 -0.020 12.000 3.852 19.000 -3.855 3.000 -0.049 11.000 3.586 17.000
-2.787  -0.784    0.000    1.000  0.980    0.986    0.986        NA    0.989     0.944     NA    0.914     0.966    0.995    0.958    3.818    0.171   0.011  217.725 0.600  -4.085 1.000 -0.155 7.000 3.915 16.000 -3.731 4.000 0.014 9.000 4.060 18.000 -3.833 3.000 0.120 11.000 4.105 19.000 -4.013 2.000 -0.126 8.000 3.921 17.000
-0.653  -0.167    0.000    1.000  0.983    0.988    0.988     0.989    0.991     0.943  0.845    0.969     0.967    0.996    0.985    3.686    0.208   0.011  216.374 0.600  -4.029 1.000 -0.195 11.000 3.772 20.000 -3.843 2.000 -0.081 12.000 3.771 19.000 -3.840 3.000 0.002 13.000 3.688 18.000 -3.718 4.000 0.023 14.000 3.937 21.000
-2.776  -0.646    0.000    1.000  0.988    0.988    0.988     0.955    0.958     0.953  0.707    0.896     0.978    0.996    0.962    3.794    0.294   0.011  228.169 0.700  -4.251 1.000 -0.305 6.000 3.608 16.000 -3.800 3.000 0.145 10.000 3.996 18.000 -3.899 2.000 0.046 8.000 4.102 19.000 -3.762 4.000 0.085 9.000 4.282 20.000
-1.336  -0.553    0.000    1.000  0.989    0.985    0.985        NA    0.987     0.947     NA    0.969     0.981    0.993    0.978    3.580    0.138   0.011  221.310 0.700  -4.238 1.000 -0.294 10.000 3.740 18.000 -3.759 4.000 0.068 13.000 3.849 19.000 -3.880 3.000 -0.053 11.000 3.711 17.000 -3.953 2.000 0.020 12.000 4.097 20.000
-2.072  -0.618    0.000    1.000  0.991    0.992    0.992     0.966    0.977     0.972  0.778    0.906     0.985    0.996    0.966    3.510    0.168   0.011  223.298 0.700  -3.994 1.000 -0.169 9.000 3.642 16.000 -3.708 2.000 0.034 10.000 4.041 21.000 -3.633 3.000 0.047 12.000 3.770 18.000 -3.590 4.000 0.045 11.000 3.752 17.000
-1.559  -0.568    0.000    1.000  0.985    0.993    0.993     0.991    0.993     0.975  0.707    0.932     0.971    0.999    0.971    3.581    0.077   0.011  213.368 0.700  -3.874 1.000 -0.167 8.000 3.521 17.000 -3.698 4.000 0.012 10.000 3.794 21.000 -3.720 3.000 -0.114 9.000 3.605 19.000 -3.767 2.000 0.065 11.000 3.626 20.000
-1.436  -0.482    0.000    1.000  0.975    0.993    0.993     0.979    0.987     0.970  0.676    0.875     0.955    0.998    0.955    3.526    0.109   0.011  214.566 0.700  -3.958 1.000 -0.215 9.000 3.439 17.000 -3.674 4.000 0.122 13.000 3.777 20.000 -3.693 3.000 0.055 12.000 3.619 18.000 -3.642 5.000 0.037 11.000 3.739 19.000
-2.671  -0.703    0.000    1.000  0.992    0.984    0.984     0.971    0.970     0.944  0.845    0.913     0.986    0.996    0.973    3.376    0.380   0.011  219.925 0.800  -3.887 1.000 -0.271 7.000 3.468 16.000 -3.359 4.000 0.117 10.000 3.871 19.000 -3.392 3.000 0.076 9.000 3.805 18.000 -3.491 2.000 0.056 8.000 3.650 17.000
-2.298  -0.923    0.000    1.000  0.986    0.993    0.993        NA    0.990     0.978     NA    0.969     0.975    0.998    0.978    3.240   -0.012   0.011  221.955 0.800  -3.554 2.000 -0.123 7.000 3.410 18.000 -3.399 4.000 -0.029 10.000 3.623 21.000 -3.567 1.000 -0.067 8.000 3.409 17.000 -3.439 3.000 -0.053 9.000 3.456 19.000
-3.424  -0.890    0.000    1.000  0.976    0.984    0.984        NA    0.956     0.946     NA    0.905     0.959    0.996    0.955    3.629    0.333   0.011  233.954 0.800  -4.146 1.000 -0.272 5.000 3.780 17.000 -3.775 2.000 0.005 6.000 4.025 18.000 -3.738 3.000 0.107 7.000 4.121 19.000 -3.596 4.000 0.234 8.000 4.217 20.000
-1.571  -0.473    0.000    1.000  0.989    0.991    0.991     0.913    0.994     0.968  0.707    0.957     0.980    0.999    0.978    3.380    0.144   0.011  212.026 0.800  -3.613 2.000 -0.143 9.000 3.400 16.000 -3.539 3.000 0.009 10.000 3.687 21.000 -3.467 5.000 0.115 12.000 3.559 19.000 -3.538 4.000 0.075 11.000 3.470 17.000
-2.126  -0.622    0.000    1.000  0.986    0.994    0.994        NA    0.990     0.971     NA    0.977     0.973    0.997    0.982    3.627    0.095   0.011  210.980 0.800  -3.843 1.000 -0.169 8.000 3.494 17.000 -3.628 4.000 0.032 11.000 3.601 19.000 -3.634 3.000 0.026 10.000 3.560 18.000 -3.726 2.000 -0.005 9.000 3.729 20.000
-1.676  -0.406    0.000    1.000  0.987    0.982    0.982     0.975    0.974     0.943  0.845    0.939     0.977    0.996    0.978    3.509    0.387   0.011  228.199 0.900  -4.032 1.000 -0.252 8.000 3.453 17.000 -3.646 3.000 0.089 11.000 3.771 21.000 -3.577 4.000 0.082 10.000 3.753 20.000 -3.814 2.000 -0.078 9.000 3.719 19.000
-1.234  -0.403    0.000    1.000  0.994    0.991    0.991     0.984    0.990     0.967  0.867    0.906     0.990    0.998    0.973    3.450    0.174   0.011  228.239 0.900  -3.836 1.000 -0.259 9.000 3.221 17.000 -3.517 4.000 0.107 12.000 3.620 21.000 -3.590 3.000 0.026 11.000 3.603 20.000 -3.705 2.000 -0.015 10.000 3.556 19.000
-3.280  -0.983    0.000    1.000  0.977    0.979    0.979     0.947    0.951     0.933  0.707    0.906     0.962    0.995    0.964    3.492    0.331   0.011  219.699 0.900  -4.137 1.000 -0.295 6.000 3.515 16.000 -3.600 4.000 0.283 9.000 4.237 19.000 -3.607 3.000 0.090 8.000 3.964 17.000 -3.699 2.000 0.052 7.000 4.094 18.000
-2.886  -0.968    0.000    1.000  0.991    0.991    0.991        NA    0.988     0.973     NA    0.939     0.985    0.998    0.964    3.248    0.070   0.011  229.164 0.900  -3.486 1.000 -0.182 6.000 3.410 18.000 -3.332 3.000 0.068 9.000 3.589 21.000 -3.427 2.000 -0.081 7.000 3.446 19.000 -3.312 4.000 0.067 8.000 3.555 20.000
-2.988  -0.913    0.000    1.000  0.990    0.987    0.987        NA    0.972     0.959     NA    0.939     0.983    0.990    0.964    3.383    0.181   0.011  240.045 0.900  -3.752 1.000 -0.182 8.000 3.429 16.000 -3.391 4.000 0.116 11.000 3.739 18.000 -3.593 2.000 0.014 9.000 3.751 19.000 -3.467 3.000 0.065 10.000 3.667 17.000
-2.319  -0.868    0.000    1.000  0.992    0.989    0.989        NA    0.989     0.965     NA    0.875     0.987    0.997    0.946    3.280    0.076   0.011  220.416 1.000  -3.607 1.000 -0.191 7.000 3.506 16.000 -3.385 4.000 -0.036 10.000 3.439 15.000 -3.473 3.000 -0.063 9.000 3.513 17.000 -3.480 2.000 -0.009 11.000 3.520 18.000
-2.414  -0.874    0.000    1.000  0.990    0.984    0.984        NA    0.970     0.951     NA    0.827     0.983    0.993    0.930    3.090    0.174   0.011  215.516 1.000  -3.409 2.000 -0.139 7.000 3.455 17.000 -3.252 3.000 0.005 11.000 3.431 15.000 -3.460 1.000 -0.122 8.000 3.780 18.000 -3.209 4.000 -0.056 9.000 3.449 16.000
-2.816  -0.895    0.000    1.000  0.979    0.985    0.985        NA    0.943     0.950     NA    0.870     0.964    0.989    0.944    3.361    0.225   0.011  215.724 1.000  -3.999 1.000 -0.387 6.000 3.349 16.000 -3.293 4.000 0.149 11.000 3.766 18.000 -3.555 2.000 0.052 8.000 3.790 19.000 -3.295 3.000 0.109 9.000 3.645 17.000
-2.151  -0.756    0.000    1.000  0.995    0.992    0.992        NA    0.996     0.974     NA    0.969     0.991    0.999    0.978    3.135    0.138   0.011  221.332 1.000  -3.420 1.000 -0.108 8.000 3.211 16.000 -3.211 4.000 -0.049 9.000 3.193 15.000 -3.283 3.000 0.023 11.000 3.323 18.000 -3.339 2.000 -0.036 10.000 3.247 17.000
-2.229  -0.677    0.000    1.000  0.982    0.987    0.987     0.495    0.993     0.951  0.354    0.957     0.968    0.999    0.967    3.304    0.222   0.011  213.690 1.000  -3.609 1.000 -0.159 8.000 3.470 15.000 -3.461 3.000 -0.028 9.000 3.687 18.000 -3.346 5.000 0.058 11.000 3.571 16.000 -3.452 4.000 0.046 10.000 3.617 17.000
-2.381  -0.861    0.000    1.000  0.992    0.985    0.985     0.972    0.997     0.961  0.707    0.906     0.986    0.997    0.964    2.974    0.232   0.011  222.178 1.500  -3.384 1.000 -0.130 8.000 3.149 16.000 -3.200 2.000 0.002 11.000 3.169 17.000 -3.186 4.000 -0.126 9.000 3.169 18.000 -3.188 3.000 0.001 10.000 3.290 19.000
-2.674  -0.904    0.000    1.000  0.984    0.971    0.971     0.907    0.979     0.931  0.707    0.875     0.972    0.997    0.958    2.858    0.562   0.011  218.463 1.500  -3.704 1.000 -0.161 6.000 3.372 15.000 -3.225 4.000 0.104 10.000 3.716 16.000 -3.253 3.000 0.055 9.000 3.721 17.000 -3.364 2.000 -0.003 8.000 3.729 18.000
-1.809  -0.654    0.000    1.000  0.991    0.980    0.980        NA    0.995     0.954     NA    0.938     0.985    0.999    0.967    2.988    0.381   0.011  216.146 1.500  -3.599 1.000 -0.151 8.000 3.267 16.000 -3.363 3.000 -0.059 11.000 3.424 18.000 -3.428 2.000 0.064 12.000 3.678 20.000 -3.356 4.000 -0.099 10.000 3.435 19.000
-2.367  -0.868    0.000    1.000  0.988    0.987    0.987        NA    0.987     0.959     NA    0.932     0.978    0.992    0.964    3.072    0.175   0.011  221.980 1.500  -3.498 1.000 -0.170 8.000 3.238 15.000 -3.347 2.000 0.095 11.000 3.323 16.000 -3.191 4.000 0.008 9.000 3.374 17.000 -3.260 3.000 0.068 10.000 3.442 18.000
-2.427  -0.893    0.000    1.000  0.990    0.989    0.989     -0.443    0.991     0.967  -0.354    0.939     0.982    0.997    0.930    2.956    0.144   0.011  212.715 1.500  -3.213 1.000 -0.150 7.000 3.069 15.000 -3.164 3.000 -0.001 9.000 3.189 16.000 -3.148 4.000 -0.088 8.000 3.264 17.000 -3.100 5.000 0.028 10.000 3.275 18.000
-3.302  -1.000    0.000    1.000  0.986    0.963    0.963        NA    0.988     0.927     NA    0.957     0.976    0.993    0.972    2.509    0.817   0.011  228.501 2.000  -3.150 1.000 -0.146 8.000 2.865 16.000 -2.878 2.000 0.052 11.000 3.021 18.000 -2.820 3.000 -0.052 9.000 2.910 17.000 -2.627 4.000 0.021 10.000 2.814 15.000
-3.323  -1.095    0.000    1.000  0.987    0.972    0.972        NA    0.992     0.946     NA    0.957     0.977    0.994    0.972    2.482    0.658   0.011  222.184 2.000  -2.960 1.000 -0.049 7.000 2.885 17.000 -2.751 4.000 -0.008 9.000 2.989 18.000 -2.804 3.000 0.033 10.000 2.860 16.000 -2.894 2.000 -0.010 8.000 2.705 15.000
-1.875  -0.748    0.000    1.000  0.985    0.971    0.971     0.911    0.964     0.947  0.707    0.939     0.974    0.994    0.972    2.511    0.567   0.011  229.634 2.000  -3.279 1.000 -0.226 8.000 3.085 17.000 -3.028 2.000 0.040 10.000 3.165 18.000 -2.996 4.000 0.125 11.000 3.468 20.000 -2.999 3.000 -0.056 9.000 3.170 19.000
-2.058  -0.869    0.000    1.000  0.990    0.977    0.977        NA    0.995     0.959     NA    0.957     0.983    0.996    0.972    2.534    0.460   0.011  224.205 2.000  -3.245 1.000 -0.192 8.000 2.888 15.000 -3.070 2.000 -0.007 9.000 3.096 17.000 -2.968 3.000 0.066 11.000 3.160 18.000 -2.887 4.000 -0.002 10.000 3.045 16.000
-2.144  -0.849    0.000    1.000  0.992    0.975    0.975     0.993    0.977     0.952  0.707    0.913     0.986    0.997    0.966    2.650    0.459   0.011  234.530 2.000  -3.265 1.000 -0.130 9.000 3.150 16.000 -3.192 2.000 0.046 12.000 3.316 18.000 -3.109 3.000 0.025 11.000 3.389 19.000 -3.100 4.000 -0.060 10.000 3.301 17.000
-3.007  -1.009    0.000    1.000  0.979    0.941    0.941        NA    0.972     0.909     NA    0.940     0.963    0.996    0.966    2.194    1.112   0.011  225.692 2.500  -3.163 1.000 -0.131 5.000 2.851 16.000 -3.027 2.000 -0.098 7.000 2.864 17.000 -2.926 3.000 -0.017 8.000 2.987 18.000 -2.913 4.000 -0.123 6.000 2.749 15.000
