 dG_wt_fit dG_wt_true      B_D    B_max  cor_s  cor_all  cor_low  cor_p_stab  cor_p_neu  cor_p_dest cor_s_stab  cor_s_neu  cor_s_dest cor_p_neustab cor_s_neustab    slope    inter  frac_act  rss scan p1_-1_ddG p1_-1_rank p1_0_ddG p1_0_rank p1_1_ddG p1_1_rank p2_-1_ddG p2_-1_rank p2_0_ddG p2_0_rank p2_1_ddG p2_1_rank p3_-1_ddG p3_-1_rank p3_0_ddG p3_0_rank p3_1_ddG p3_1_rank p4_-1_ddG p4_-1_rank p4_0_ddG p4_0_rank p4_1_ddG p4_1_rank 
 3.936   2.780    0.000    1.000  0.990    0.994    0.994     0.970    0.954     0.935  0.976    0.914     0.959    0.987    0.990    1.410    0.226   0.011  397.405 -4.000  -0.814 20.000 0.174 29.000 0.180 30.000 -1.701 16.000 -0.116 25.000 1.526 32.000 -1.591 17.000 -0.052 27.000 1.724 34.000 -1.729 15.000 -0.069 26.000 1.579 33.000
 3.619   2.663    0.000    1.000  0.995    0.987    0.987     0.872    0.774     0.991  0.822    0.757     0.995    0.937    0.931    1.443    0.559   0.011  357.500 -4.000  -0.059 24.000 1.206 30.000 1.382 31.000 -1.958 12.000 -0.053 25.000 1.849 33.000 -1.982 11.000 -0.145 22.000 1.862 34.000 -2.003 10.000 -0.086 23.000 1.811 32.000
 3.573   2.877    0.000    1.000  0.982    0.992    0.992     0.952    0.954     0.938  0.940    0.957     0.923    0.978    0.981    1.281    0.312   0.011  377.597 -4.000  -0.717 19.000 0.361 28.000 0.501 29.000 -1.652 15.000 -0.048 27.000 1.492 32.000 -1.603 16.000 -0.055 26.000 1.596 34.000 -1.661 14.000 -0.085 25.000 1.576 33.000
 3.958   2.980    0.000    1.000  0.991    0.991    0.991     0.949    0.993     0.945  0.919    0.938     0.968    0.973    0.974    1.271    0.262   0.011  433.110 -4.000  -0.934 20.000 0.039 29.000 0.174 30.000 -1.660 13.000 -0.039 27.000 1.547 33.000 -1.649 14.000 -0.052 26.000 1.446 32.000 -1.608 15.000 -0.074 25.000 1.687 34.000
 3.283   3.085    0.000    1.000  0.984    0.963    0.963     0.776    0.618     0.981  0.676    0.836     0.981    0.816    0.795    1.247    0.896   0.011  350.362 -4.000  0.966 28.000 1.707 32.000 1.889 37.000 -1.960 8.000 -0.142 21.000 1.715 34.000 -1.967 7.000 -0.094 22.000 1.710 33.000 -1.908 9.000 -0.061 23.000 1.771 35.000
 3.900   2.116    0.000    1.000  0.993    0.995    0.995     0.947    0.851     0.982  0.929    0.853     0.976    0.969    0.969    1.765    0.278   0.011  354.914 -3.500  -1.064 20.000 0.891 29.000 2.228 34.000 -2.195 11.000 -0.119 24.000 1.916 31.000 -2.144 15.000 -0.085 26.000 2.025 33.000 -2.090 16.000 -0.107 25.000 1.993 32.000
 3.806   2.409    0.000    1.000  0.992    0.995    0.995     0.980    0.924     0.953  0.927    0.906     0.975    0.990    0.968    1.463    0.118   0.011  439.498 -3.500  -1.215 19.000 0.198 27.000 0.036 26.000 -1.658 15.000 -0.094 24.000 1.686 34.000 -1.733 14.000 -0.133 23.000 1.565 33.000 -1.772 13.000 -0.093 25.000 1.532 32.000
 2.584   2.503    0.000    1.000  0.982    0.977    0.977     0.865    0.631     0.977  0.573    0.838     0.976    0.864    0.799    1.216    0.626   0.011  367.761 -3.500  0.170 25.000 1.425 30.000 1.557 32.000 -1.604 4.000 -0.096 23.000 1.601 34.000 -1.646 3.000 -0.101 21.000 1.534 31.000 -1.592 6.000 -0.097 22.000 1.587 33.000
 3.224   2.463    0.000    1.000  0.986    0.992    0.992     0.947    0.621     0.944  0.820    0.600     0.957    0.967    0.933    1.238    0.245   0.011  391.020 -3.500  -0.714 20.000 0.429 29.000 0.866 31.000 -1.545 11.000 -0.071 24.000 1.413 32.000 -1.567 10.000 -0.053 25.000 1.444 33.000 -1.497 12.000 -0.092 23.000 1.525 34.000
 3.574   2.673    0.000    1.000  0.991    0.990    0.990     0.970    0.992     0.945  0.914    0.969     0.968    0.981    0.973    1.310    0.191   0.011  420.599 -3.500  -0.890 19.000 -0.204 24.000 0.042 28.000 -1.581 11.000 -0.146 25.000 1.391 35.000 -1.511 13.000 -0.117 26.000 1.372 34.000 -1.561 12.000 -0.095 27.000 1.282 33.000
 3.207   1.956    0.000    1.000  0.992    0.993    0.993     0.945    0.921     0.983  0.857    0.761     0.983    0.957    0.931    1.609    0.302   0.011  347.203 -3.000  -1.266 13.000 0.411 28.000 1.731 32.000 -1.976 7.000 -0.109 25.000 1.835 33.000 -1.979 6.000 -0.149 23.000 1.837 34.000 -1.918 9.000 -0.115 24.000 1.961 35.000
 2.848   1.835    0.000    1.000  0.991    0.996    0.996     0.965    0.812     0.989  0.834    0.783     0.978    0.975    0.935    1.478    0.184   0.011  351.010 -3.000  -1.190 13.000 0.372 28.000 1.531 30.000 -1.749 6.000 -0.126 25.000 1.630 32.000 -1.737 7.000 -0.099 26.000 1.694 34.000 -1.781 5.000 -0.141 23.000 1.633 33.000
 3.116   1.757    0.000    1.000  0.988    0.994    0.994     0.950    0.700     0.980  0.723    0.531     0.978    0.960    0.880    1.710    0.247   0.011  319.416 -3.000  -1.477 16.000 0.547 29.000 1.888 33.000 -2.086 6.000 -0.122 23.000 1.828 32.000 -2.120 5.000 -0.120 24.000 1.722 31.000 -2.012 7.000 -0.076 27.000 1.962 34.000
 3.744   2.073    0.000    1.000  0.994    0.996    0.996     0.990    0.994     0.968  0.982    0.975     0.977    0.990    0.988    1.612   -0.096   0.011  408.000 -3.000  -1.546 14.000 0.028 26.000 0.556 30.000 -1.671 11.000 -0.143 23.000 1.407 32.000 -1.664 12.000 -0.099 24.000 1.562 35.000 -1.704 10.000 -0.093 25.000 1.452 33.000
 3.047   1.983    0.000    1.000  0.987    0.992    0.992     0.918    0.855     0.980  0.848    0.853     0.961    0.938    0.936    1.560    0.354   0.011  339.664 -3.000  -1.133 15.000 0.665 29.000 1.884 34.000 -1.998 5.000 -0.094 24.000 1.747 31.000 -1.956 8.000 -0.086 25.000 1.834 32.000 -1.980 7.000 -0.071 26.000 1.874 33.000
 2.712   1.435    0.000    1.000  0.996    0.998    0.998     0.994    0.948     0.982  0.989    0.944     0.983    0.995    0.994    1.879    0.106   0.011  326.064 -2.500  -1.617 8.000 0.402 26.000 2.122 35.000 -2.021 5.000 -0.099 22.000 1.858 32.000 -2.004 7.000 -0.078 23.000 1.907 33.000 -2.012 6.000 -0.071 24.000 1.952 34.000
 2.865   1.299    0.000    1.000  0.993    0.996    0.996     0.970    0.835     0.985  0.982    0.803     0.983    0.973    0.955    2.032    0.159   0.011  314.986 -2.500  -1.689 6.000 0.518 28.000 2.786 37.000 -2.334 5.000 -0.085 22.000 2.200 31.000 -2.358 4.000 -0.089 21.000 2.207 32.000 -2.370 3.000 -0.095 20.000 2.224 33.000
 3.018   1.585    0.000    1.000  0.986    0.993    0.993     0.978    0.338     0.972  0.962    0.285     0.963    0.957    0.902    1.892    0.216   0.011  303.286 -2.500  -1.453 8.000 0.746 30.000 2.747 36.000 -2.160 5.000 -0.061 22.000 2.075 33.000 -2.182 4.000 -0.050 23.000 2.034 32.000 -2.234 3.000 -0.111 19.000 1.868 31.000
 3.025   1.458    0.000    1.000  0.992    0.996    0.996     0.991    0.667     0.982  0.967    0.587     0.987    0.979    0.923    1.848    0.109   0.011  311.238 -2.500  -1.753 8.000 0.402 26.000 2.195 35.000 -2.076 4.000 -0.070 18.000 2.015 34.000 -2.070 5.000 -0.057 19.000 1.988 33.000 -2.051 6.000 -0.079 17.000 1.972 32.000
 3.353   1.149    0.000    1.000  0.995    0.998    0.998     0.978    0.979     0.985  0.981    0.941     0.985    0.990    0.982    2.449    0.015   0.011  307.667 -2.500  -2.440 6.000 0.082 24.000 2.649 35.000 -2.730 3.000 -0.073 23.000 2.508 32.000 -2.717 5.000 -0.093 22.000 2.520 33.000 -2.728 4.000 -0.133 20.000 2.524 34.000
 3.550   1.159    0.000    1.000  0.994    0.996    0.996     0.968    0.965     0.983  0.875    0.909     0.982    0.982    0.970    2.622    0.083   0.011  283.195 -2.000  -2.405 7.000 0.223 23.000 3.464 36.000 -2.993 5.000 -0.104 17.000 2.769 31.000 -3.003 3.000 -0.047 18.000 2.832 33.000 -2.993 4.000 0.005 20.000 2.792 32.000
 3.343   1.120    0.000    1.000  0.998    0.997    0.997     0.975    0.988     0.990  0.845    0.989     0.993    0.985    0.993    2.416   -0.047   0.011  380.602 -2.000  -2.518 6.000 0.006 21.000 2.533 35.000 -2.610 5.000 -0.055 20.000 2.520 34.000 -2.682 4.000 -0.101 18.000 2.482 32.000 -2.752 3.000 -0.099 19.000 2.519 33.000
 3.464   1.035    0.000    1.000  0.991    0.997    0.997     0.995    0.941     0.972  0.931    0.954     0.968    0.992    0.981    2.804   -0.067   0.011  281.318 -2.000  -2.807 6.000 0.094 22.000 2.990 33.000 -3.099 3.000 -0.123 18.000 2.925 31.000 -3.008 5.000 -0.058 21.000 2.932 32.000 -3.054 4.000 -0.074 20.000 3.084 34.000
 2.899   1.000    0.000    1.000  0.988    0.996    0.996     0.975    0.903     0.986  0.808    0.943     0.960    0.973    0.974    3.054    0.271   0.011  257.993 -2.000  -2.860 7.000 0.188 22.000 3.506 35.000 -3.414 3.000 -0.095 18.000 3.275 32.000 -3.221 5.000 -0.060 19.000 3.211 31.000 -3.339 4.000 -0.059 20.000 3.336 34.000
 2.581   0.999    0.000    1.000  0.993    0.992    0.992     0.951    0.875     0.962  0.931    0.910     0.980    0.974    0.965    2.782    0.324   0.011  269.714 -2.000  -2.602 7.000 0.322 18.000 3.126 34.000 -2.944 6.000 -0.080 16.000 2.997 31.000 -3.050 4.000 -0.130 14.000 3.090 33.000 -3.004 5.000 -0.108 15.000 3.017 32.000
 1.653   0.409    0.000    1.000  0.993    0.997    0.997     0.979    0.963     0.987  0.845    0.951     0.981    0.992    0.976    3.187    0.051   0.011  247.877 -1.500  -3.120 6.000 0.180 15.000 3.814 33.000 -3.450 4.000 -0.083 13.000 3.376 32.000 -3.440 5.000 -0.001 14.000 3.291 30.000 -3.465 3.000 -0.160 11.000 3.344 31.000
 2.037   0.446    0.000    1.000  0.995    0.993    0.993     0.924    0.987     0.971  0.895    0.951     0.988    0.994    0.982    4.310    0.186   0.011  249.475 -1.500  -4.148 6.000 0.215 15.000 4.679 32.000 -4.609 5.000 -0.076 13.000 4.649 31.000 -4.637 4.000 -0.124 12.000 4.487 30.000 -4.663 3.000 -0.173 11.000 4.434 29.000
 1.683   0.243    0.000    1.000  0.988    0.992    0.992     0.886    0.979     0.964  0.823    0.959     0.970    0.996    0.981    4.358    0.003   0.011  220.535 -1.500  -4.488 6.000 0.087 14.000 4.531 31.000 -4.665 4.000 -0.049 12.000 4.415 28.000 -4.622 5.000 -0.010 13.000 4.575 33.000 -4.745 3.000 -0.165 11.000 4.315 26.000
 1.096   0.282    0.000    1.000  0.993    0.995    0.995     0.997    0.967     0.984  0.845    0.950     0.983    0.996    0.980    2.976    0.118   0.011  231.372 -1.500  -3.067 6.000 0.093 12.000 3.532 31.000 -3.266 3.000 -0.099 8.000 2.979 25.000 -3.185 5.000 -0.045 10.000 3.160 27.000 -3.242 4.000 -0.069 9.000 3.038 26.000
 1.539   0.480    0.000    1.000  0.997    0.997    0.997     0.995    0.970     0.990  0.906    0.933     0.993    0.996    0.976    2.539    0.016   0.011  273.391 -1.500  -2.422 6.000 0.067 14.000 2.499 30.000 -2.713 3.000 -0.079 11.000 2.565 32.000 -2.707 5.000 -0.149 10.000 2.500 31.000 -2.709 4.000 -0.045 13.000 2.581 33.000
-0.593  -0.215    0.000    1.000  0.995    0.992    0.992     0.998    0.999     0.977  0.707    0.969     0.990    1.000    0.982    3.969    0.101   0.011  215.399 -1.000  -4.211 4.000 -0.132 8.000 4.117 27.000 -4.230 2.000 -0.122 9.000 4.081 26.000 -4.242 1.000 -0.055 11.000 4.131 28.000 -4.226 3.000 -0.109 10.000 4.020 24.000
-0.268  -0.008    0.000    1.000  0.990    0.981    0.981     0.998    0.995     0.943  0.778    0.969     0.981    0.998    0.982    3.843    0.354   0.011  218.123 -1.000  -4.006 4.000 -0.048 13.000 3.843 25.000 -4.099 3.000 -0.050 12.000 4.148 30.000 -4.150 2.000 -0.101 10.000 3.895 29.000 -4.195 1.000 -0.086 11.000 3.876 26.000
 2.618   0.442    0.000    1.000  0.993    0.994    0.994     0.924    0.961     0.974  0.939    0.812     0.986    0.995    0.970    3.945   -0.064   0.011  212.857 -1.000  -4.099 6.000 0.107 15.000 4.659 33.000 -4.278 5.000 -0.070 14.000 3.961 23.000 -4.372 4.000 -0.215 11.000 3.875 22.000 -4.488 3.000 -0.160 12.000 3.805 21.000
 1.391   0.214    0.000    1.000  0.995    0.997    0.997     0.956    0.996     0.985  0.906    0.975     0.987    0.998    0.989    4.216   -0.013   0.011  240.605 -1.000  -4.329 5.000 -0.025 12.000 4.749 29.000 -4.456 3.000 -0.146 10.000 4.210 26.000 -4.387 4.000 -0.121 11.000 4.118 23.000 -4.473 2.000 -0.177 9.000 4.160 25.000
 0.824   0.057    0.000    1.000  0.994    0.993    0.993     0.995    0.978     0.971  0.845    0.930     0.987    0.996    0.975    4.211   -0.026   0.011  208.805 -1.000  -4.431 3.000 0.230 13.000 4.336 25.000 -4.433 2.000 -0.043 10.000 4.356 26.000 -4.378 5.000 -0.055 9.000 4.271 23.000 -4.397 4.000 0.040 12.000 4.377 27.000
-0.713  -0.051    0.000    1.000  0.990    0.993    0.993     0.991    0.977     0.972  0.845    0.957     0.980    0.997    0.982    4.059    0.235   0.011  206.831 -0.900  -4.013 3.000 -0.012 11.000 3.873 20.000 -3.959 4.000 -0.081 9.000 3.986 22.000 -4.129 1.000 -0.000 12.000 4.050 24.000 -4.026 2.000 -0.072 10.000 3.986 23.000
 1.378   0.176    0.000    1.000  0.994    0.995    0.995     0.994    0.997     0.975  0.906    0.827     0.989    0.997    0.963    4.730   -0.012   0.011  221.376 -0.900  -4.814 4.000 -0.116 11.000 4.772 24.000 -4.915 3.000 -0.079 13.000 4.685 22.000 -4.999 1.000 -0.042 15.000 4.970 25.000 -4.967 2.000 -0.101 12.000 4.724 23.000
 1.647   0.288    0.000    1.000  0.996    0.998    0.998     0.996    0.995     0.990  0.845    0.977     0.993    0.998    0.988    3.423   -0.090   0.011  239.158 -0.900  -3.517 6.000 0.000 13.000 3.490 26.000 -3.660 3.000 -0.096 10.000 3.561 27.000 -3.632 4.000 -0.061 12.000 3.334 25.000 -3.546 5.000 -0.070 11.000 3.297 24.000
 0.572   0.001    0.000    1.000  0.993    0.994    0.994     0.993    0.996     0.975  0.845    0.975     0.985    0.999    0.988    4.296   -0.011   0.011  233.562 -0.900  -4.448 5.000 0.091 12.000 4.818 27.000 -4.564 4.000 -0.089 10.000 4.454 24.000 -4.571 3.000 -0.064 11.000 4.454 25.000 -4.619 2.000 -0.094 9.000 4.548 26.000
 1.008   0.055    0.000    1.000  0.993    0.991    0.991     0.994    0.989     0.958  0.845    0.969     0.985    0.992    0.985    4.396   -0.069   0.011  214.548 -0.900  -4.761 2.000 -0.078 12.000 4.775 25.000 -4.667 4.000 -0.057 13.000 4.606 22.000 -4.933 1.000 -0.122 11.000 4.773 24.000 -4.750 3.000 -0.031 14.000 4.653 23.000
-0.972  -0.223    0.000    1.000  0.986    0.996    0.996     0.997    0.987     0.981  0.707    0.968     0.972    0.996    0.979    4.121    0.100   0.011  211.460 -0.800  -4.086 4.000 0.035 12.000 4.218 26.000 -4.194 2.000 -0.026 9.000 4.235 27.000 -4.279 1.000 -0.007 11.000 4.168 22.000 -4.091 3.000 -0.009 10.000 4.171 24.000
 0.931   0.126    0.000    1.000  0.992    0.997    0.997     0.999    0.997     0.983  0.707    0.980     0.983    0.997    0.988    3.507   -0.091   0.011  235.207 -0.800  -3.510 5.000 -0.045 12.000 3.385 24.000 -3.549 4.000 -0.084 10.000 3.379 23.000 -3.581 2.000 -0.027 13.000 3.318 22.000 -3.557 3.000 -0.061 11.000 3.433 25.000
-0.763  -0.209    0.000    1.000  0.993    0.994    0.994     0.677    0.995     0.982  0.845    0.845     0.989    0.998    0.964    4.131    0.183   0.011  209.082 -0.800  -4.075 5.000 0.178 11.000 4.377 25.000 -4.349 4.000 -0.060 9.000 4.156 20.000 -4.374 2.000 -0.016 10.000 4.166 21.000 -4.373 3.000 -0.099 8.000 4.296 24.000
 0.856   0.018    0.000    1.000  0.985    0.994    0.994     0.997    0.992     0.977  0.845    0.940     0.971    0.998    0.978    4.479   -0.042   0.011  212.243 -0.800  -4.737 4.000 0.022 12.000 5.268 28.000 -4.816 3.000 -0.108 11.000 5.175 25.000 -4.828 2.000 0.030 13.000 5.016 23.000 -4.971 1.000 -0.118 10.000 4.722 22.000
-0.978  -0.200    0.000    1.000  0.994    0.994    0.994     0.990    0.991     0.979  0.707    0.930     0.988    0.998    0.970    4.107    0.183   0.011  220.807 -0.800  -4.024 4.000 0.132 12.000 4.253 24.000 -4.273 1.000 -0.163 8.000 4.267 25.000 -4.138 3.000 0.070 11.000 4.126 23.000 -4.204 2.000 -0.057 9.000 4.361 26.000
 2.140   0.430    0.000    1.000  0.994    0.996    0.996     0.955    0.996     0.978  0.906    0.957     0.989    0.997    0.985    4.060    0.026   0.011  238.642 -0.700  -4.042 6.000 -0.093 13.000 3.906 19.000 -4.372 3.000 -0.182 12.000 4.110 21.000 -4.277 4.000 -0.192 11.000 3.741 18.000 -4.273 5.000 -0.072 14.000 3.915 20.000
-0.323  -0.057    0.000    1.000  0.992    0.994    0.994     0.936    0.987     0.978  0.707    0.957     0.985    0.997    0.978    4.224    0.170   0.011  229.173 -0.700  -4.169 4.000 0.034 13.000 4.210 21.000 -4.432 1.000 -0.027 12.000 4.346 25.000 -4.362 2.000 -0.087 10.000 4.293 23.000 -4.271 3.000 -0.045 11.000 4.271 22.000
-0.967  -0.218    0.000    1.000  0.994    0.995    0.995     0.994    0.992     0.977  0.845    0.957     0.988    0.997    0.982    3.944    0.109   0.011  211.608 -0.700  -4.018 4.000 0.023 11.000 4.010 21.000 -4.075 2.000 -0.130 8.000 3.781 19.000 -3.982 5.000 -0.025 10.000 3.750 18.000 -4.043 3.000 -0.034 9.000 3.934 20.000
 0.857   0.033    0.000    1.000  0.994    0.993    0.993     0.963    0.972     0.971  0.845    0.969     0.989    0.996    0.985    4.008   -0.025   0.011  227.280 -0.700  -4.191 4.000 0.142 13.000 4.315 26.000 -4.254 3.000 -0.125 11.000 4.057 22.000 -4.282 2.000 -0.142 10.000 4.017 21.000 -4.173 5.000 0.021 12.000 4.074 23.000
 0.873   0.076    0.000    1.000  0.993    0.980    0.980     0.999    0.991     0.923  0.845    0.969     0.987    0.998    0.985    4.032    0.197   0.011  234.335 -0.700  -4.475 4.000 0.032 15.000 4.632 22.000 -4.561 3.000 -0.027 14.000 4.663 24.000 -4.626 1.000 -0.093 12.000 4.396 18.000 -4.601 2.000 -0.043 13.000 4.514 21.000
-0.507  -0.176    0.000    1.000  0.993    0.994    0.994     0.985    0.972     0.981  0.707    0.969     0.987    0.996    0.982    4.033    0.083   0.011  223.639 -0.600  -4.074 4.000 -0.016 11.000 4.087 24.000 -4.165 3.000 -0.033 10.000 4.085 23.000 -4.229 2.000 -0.075 9.000 4.159 27.000 -4.320 1.000 -0.078 8.000 4.121 25.000
-0.870  -0.249    0.000    1.000  0.989    0.994    0.994     0.577    0.993     0.968  0.354    0.975     0.977    0.995    0.979    3.966    0.107   0.011  219.848 -0.600  -3.966 5.000 -0.077 9.000 3.770 20.000 -4.000 4.000 -0.062 10.000 3.805 21.000 -4.009 3.000 -0.057 11.000 3.703 18.000 -4.103 1.000 -0.125 8.000 3.763 19.000
 1.632   0.131    0.000    1.000  0.992    0.995    0.995     0.978    0.989     0.974  0.957    0.845     0.985    0.997    0.982    4.068   -0.123   0.011  211.311 -0.600  -4.220 5.000 0.016 14.000 4.282 23.000 -4.448 3.000 -0.114 13.000 3.993 18.000 -4.434 4.000 -0.125 12.000 4.010 19.000 -4.453 2.000 -0.183 11.000 4.031 21.000
-1.016  -0.234    0.000    1.000  0.979    0.995    0.995     0.991    0.980     0.971  0.707    0.907     0.958    0.997    0.963    4.155    0.144   0.011  209.502 -0.600  -4.064 4.000 0.143 14.000 4.058 19.000 -4.109 2.000 -0.040 12.000 4.126 21.000 -4.083 3.000 0.010 13.000 4.286 22.000 -4.368 1.000 -0.091 10.000 4.062 20.000
-0.624  -0.139    0.000    1.000  0.989    0.994    0.994     0.999    0.996     0.977  0.707    0.957     0.980    1.000    0.978    4.136    0.123   0.011  212.084 -0.600  -4.162 2.000 -0.051 10.000 4.161 25.000 -4.148 3.000 -0.003 12.000 4.118 22.000 -4.135 4.000 0.017 13.000 4.028 19.000 -4.233 1.000 -0.011 11.000 4.171 26.000
-1.259  -0.295    0.000    1.000  0.988    0.983    0.983        NA    0.985     0.940     NA    0.969     0.977    0.997    0.978    3.985    0.331   0.011  213.327 -0.500  -4.025 4.000 0.061 12.000 4.365 21.000 -4.260 1.000 -0.070 9.000 4.208 18.000 -4.106 3.000 0.008 11.000 4.116 16.000 -4.255 2.000 -0.066 10.000 4.151 17.000
-1.845  -0.405    0.000    1.000  0.980    0.995    0.995        NA    0.997     0.978     NA    0.957     0.964    0.999    0.973    4.515    0.090   0.011  203.338 -0.500  -4.606 1.000 -0.075 8.000 4.459 20.000 -4.491 4.000 0.025 11.000 4.410 19.000 -4.598 2.000 -0.043 9.000 4.471 21.000 -4.554 3.000 0.021 10.000 4.534 22.000
-0.972  -0.248    0.000    1.000  0.992    0.994    0.994     0.997    0.992     0.973  0.707    0.969     0.985    0.999    0.982    4.138    0.139   0.011  219.354 -0.500  -4.199 3.000 -0.037 12.000 4.351 20.000 -4.190 4.000 0.059 13.000 4.469 23.000 -4.353 1.000 -0.094 10.000 4.120 17.000 -4.267 2.000 -0.042 11.000 4.378 21.000
-1.224  -0.298    0.000    1.000  0.982    0.995    0.995     0.992    0.994     0.978  0.707    0.957     0.967    0.999    0.978    3.962    0.087   0.011  205.312 -0.500  -3.998 3.000 -0.155 9.000 3.597 17.000 -4.022 2.000 -0.063 11.000 3.771 19.000 -3.895 4.000 -0.051 12.000 3.978 22.000 -4.106 1.000 -0.135 10.000 3.850 20.000
-0.798  -0.144    0.000    1.000  0.992    0.990    0.990     0.992    0.986     0.956  0.707    0.977     0.983    0.996    0.985    3.979    0.280   0.011  228.410 -0.500  -3.930 4.000 0.119 14.000 4.253 20.000 -4.248 1.000 -0.081 11.000 4.055 19.000 -4.161 2.000 0.013 13.000 4.273 21.000 -4.152 3.000 0.000 12.000 4.008 18.000
-0.572  -0.141    0.000    1.000  0.992    0.988    0.988     0.953    0.996     0.945  0.707    0.969     0.985    0.998    0.982    4.186    0.242   0.011  236.411 -0.400  -4.271 4.000 -0.062 11.000 4.482 20.000 -4.443 1.000 -0.089 10.000 4.187 17.000 -4.394 2.000 -0.042 12.000 4.226 18.000 -4.335 3.000 0.040 13.000 4.302 19.000
-1.762  -0.565    0.000    1.000  0.960    0.989    0.989        NA    0.994     0.952     NA    0.844     0.926    0.998    0.933    3.928    0.022   0.011  193.982 -0.400  -3.896 4.000 0.015 11.000 3.910 18.000 -4.117 1.000 -0.114 9.000 4.001 19.000 -3.940 3.000 0.059 12.000 4.085 20.000 -4.051 2.000 -0.042 10.000 4.229 22.000
-0.490  -0.098    0.000    1.000  0.991    0.994    0.994     0.998    0.993     0.966  0.707    0.968     0.982    0.999    0.982    4.203    0.154   0.011  216.640 -0.400  -4.191 4.000 0.025 15.000 4.087 18.000 -4.226 3.000 -0.005 14.000 4.158 19.000 -4.327 1.000 -0.070 12.000 3.941 17.000 -4.292 2.000 -0.018 13.000 4.190 20.000
-1.288  -0.415    0.000    1.000  0.994    0.995    0.995     0.614    0.991     0.977  0.707    0.957     0.988    0.998    0.978    3.857    0.063   0.011  218.188 -0.400  -3.924 5.000 0.059 10.000 4.125 21.000 -4.083 2.000 -0.048 8.000 3.903 19.000 -3.932 4.000 0.073 11.000 4.046 20.000 -4.082 3.000 0.043 9.000 3.837 18.000
-1.134  -0.269    0.000    1.000  0.991    0.994    0.994     0.977    0.997     0.963  0.845    0.940     0.982    0.999    0.978    4.326    0.145   0.011  214.849 -0.400  -4.296 4.000 0.047 11.000 4.440 20.000 -4.383 3.000 -0.010 10.000 4.340 19.000 -4.623 1.000 -0.067 8.000 4.245 17.000 -4.462 2.000 -0.021 9.000 4.265 18.000
-1.222  -0.287    0.000    1.000  0.989    0.992    0.992        NA    0.997     0.951     NA    0.975     0.977    0.999    0.982    4.327    0.188   0.011  210.028 -0.300  -4.245 4.000 0.111 13.000 4.333 18.000 -4.323 2.000 -0.030 12.000 4.305 17.000 -4.273 3.000 -0.051 11.000 4.492 22.000 -4.356 1.000 -0.053 10.000 4.477 21.000
-1.650  -0.498    0.000    1.000  0.976    0.989    0.989        NA    0.988     0.945     NA    0.977     0.955    0.998    0.982    4.016    0.110   0.011  215.091 -0.300  -4.042 4.000 0.014 12.000 4.350 20.000 -4.172 1.000 -0.087 9.000 3.936 16.000 -4.164 2.000 -0.066 11.000 4.300 18.000 -4.108 3.000 -0.070 10.000 4.326 19.000
 0.867   0.041    0.000    1.000  0.993    0.995    0.995     0.999    0.996     0.978  0.906    0.957     0.986    0.999    0.985    4.296   -0.050   0.011  225.729 -0.300  -4.637 2.000 -0.050 13.000 4.429 21.000 -4.674 1.000 -0.161 11.000 4.428 20.000 -4.600 4.000 -0.010 14.000 4.464 22.000 -4.629 3.000 -0.080 12.000 4.551 24.000
-1.175  -0.241    0.000    1.000  0.979    0.994    0.994     0.996    0.989     0.965  0.845    0.957     0.959    0.998    0.982    4.017    0.134   0.011  200.245 -0.300  -3.989 4.000 -0.047 8.000 3.909 18.000 -4.113 1.000 -0.025 9.000 3.899 17.000 -4.073 2.000 0.031 11.000 4.140 20.000 -4.022 3.000 0.000 10.000 4.020 19.000
-0.811  -0.303    0.000    1.000  0.986    0.993    0.993     1.000    0.995     0.961  0.707    0.968     0.971    0.999    0.982    4.131    0.053   0.011  210.604 -0.300  -4.329 2.000 -0.153 9.000 4.134 18.000 -4.345 1.000 -0.089 10.000 4.217 19.000 -4.329 3.000 0.091 12.000 4.411 21.000 -4.311 4.000 -0.077 11.000 4.381 20.000
-0.867  -0.299    0.000    1.000  0.995    0.997    0.997     0.994    0.994     0.983  0.707    0.930     0.990    0.998    0.970    4.222    0.020   0.011  215.341 -0.200  -4.452 2.000 0.009 11.000 4.447 18.000 -4.329 4.000 0.027 12.000 4.563 20.000 -4.503 1.000 -0.068 9.000 4.433 17.000 -4.378 3.000 -0.021 10.000 4.523 19.000
-2.864  -0.549    0.000    1.000  0.978    0.987    0.987        NA    0.967     0.938     NA    0.977     0.957    0.997    0.982    4.177    0.339   0.011  214.048 -0.200  -3.989 4.000 0.134 8.000 4.104 19.000 -4.057 3.000 -0.027 7.000 4.156 20.000 -4.237 1.000 -0.126 6.000 4.087 18.000 -4.136 2.000 -0.164 5.000 3.945 17.000
-1.168  -0.215    0.000    1.000  0.992    0.990    0.990     0.999    0.993     0.945  0.845    0.969     0.984    0.999    0.985    3.990    0.256   0.011  230.135 -0.200  -4.077 2.000 -0.048 9.000 4.106 17.000 -4.059 3.000 -0.019 10.000 4.197 19.000 -3.986 4.000 0.061 12.000 4.198 20.000 -4.090 1.000 0.042 11.000 4.492 21.000
-0.528  -0.187    0.000    1.000  0.989    0.996    0.996     0.998    0.986     0.976  0.845    0.969     0.978    0.998    0.985    4.026    0.074   0.011  209.050 -0.200  -4.133 4.000 0.010 14.000 4.216 20.000 -4.134 3.000 -0.007 13.000 4.051 17.000 -4.194 1.000 -0.022 12.000 4.141 18.000 -4.161 2.000 -0.104 11.000 4.156 19.000
-1.123  -0.300    0.000    1.000  0.959    0.992    0.992     0.981    0.987     0.950  0.707    0.954     0.916    0.997    0.978    4.224    0.113   0.011  204.835 -0.200  -4.126 4.000 0.059 12.000 4.207 21.000 -4.396 1.000 -0.313 8.000 3.766 17.000 -4.196 3.000 -0.071 9.000 4.028 18.000 -4.263 2.000 0.014 10.000 4.108 19.000
