# --------------------
# version: 1
# protein:
#     name: GFP
#     organism: Aequorea victoria (Jellyfish)
#     sequence: AVST
#     uniprot: P42212
# gmma:
#     dG_wt: 0.321
# variants:
#     number: 76
# columns:
#     ddG: Calculated or random stability effects
# --------------------
#
variant ddG std std_mean ddG_init obs_act obs_inact rank
A1C 8.86176189607813 Inf Inf -0.291997371573788 0 8000 NA
A1D 3.90790523247931 121.797651328758 0.0071792125320133 0.0290999274250598 2 7998 71
A1E 3.05355323020224 29.1076564919899 0.00171418870343285 0.252572574487289 2 7998 67
A1F 0.90673808344307 0.986944352230212 0.000378685932824347 -0.368668060641615 89 7911 38
A1G 0.371939436367814 0.564021364333332 0.000292228870226534 0.266137234421159 175 7825 24
A1H 1.68716377361129 3.08325312763107 0.000650844469571755 -0.25017090751955 26 7974 56
A1I 1.45434489275795 2.14555312177996 0.000475283531972386 -0.257587786226263 29 7971 50
A1K 8.89075516024955 Inf Inf -0.370293088879568 0 8000 NA
A1L 1.64858545261744 2.90096129990602 0.000731506495950338 -0.480930281424295 37 7963 54
A1M 0.49636660081963 0.627574840718964 0.000339496740270324 0.273644412082303 183 7817 27
A1N 2.21623602368194 7.25247530767778 0.00120685938064267 -0.515753812551116 16 7984 62
A1P 3.23681439661587 39.5854850717102 0.0023322483615298 0.386610040442059 2 7998 68
A1Q 1.12213393179005 1.31684500125871 0.000484141316216541 0.154806770109361 80 7920 42
A1R 3.81293843974743 103.820861034493 0.00865455665940536 -0.716573268860564 4 7996 70
A1S -0.143863101706045 0.4224549798608 0.00030611260228658 0.0915513341147391 386 7614 1
A1T 0.748388749962274 0.814974632564111 0.00047330417419887 -0.437000729427773 201 7799 32
A1V 1.07658494554868 1.23596033901238 0.000393882306581445 -0.0925868159439189 61 7939 40
A1W 2.3132412766548 8.50747261231471 0.000935197991043621 0.204862855623247 7 7993 64
A1Y 1.11652631380296 1.30620596593673 0.000399217956486742 0.0845089737345076 56 7944 41
V2A 0.035817570614516 0.646163686092482 0.000343697147904231 0.285438815117403 189 7811 7
V2C 0.135607923781343 0.682182833585957 0.000377142692619501 0.110404305094948 194 7806 15
V2D 2.0806363069256 8.19331650973348 0.00102174726505862 -0.177608164596956 9 7991 59
V2E 2.85074726708367 29.2059984182407 0.00421639510877103 0.566192992949332 12 7988 66
V2F 0.857350018107452 1.31915804369827 0.000336385329484342 -0.312059896570661 40 7960 36
V2G 0.515366672187228 0.909829624341635 0.000371736841797247 -0.0957433474215952 103 7897 28
V2H 1.41225566297248 2.84790199100662 0.000482996824082525 0.0619983055042033 17 7983 48
V2I 0.221790289285374 0.719854650872344 0.000407019304322439 -0.805427360360875 198 7802 18
V2K 2.19498972394976 9.87705378638103 0.000819937965387898 0.0463796210518305 4 7996 61
V2L -0.125622014359331 0.601727309114745 0.000301573527923984 -0.334629536733653 186 7814 2
V2M 0.128287829081241 0.679351112315275 0.000265044563863161 0.130643048268575 110 7890 13
V2N 0.861773413575506 1.3264441768059 0.000389119877067322 -0.265448294166464 52 7948 37
V2P 4.25700163921351 Inf Inf 1.28520686492884 3 7997 NA
V2Q 1.64914909139127 4.10342581461473 0.000701021623478158 0.262626126280523 17 7983 55
V2R 1.92376232724624 6.35267959228742 0.000833905042999579 -0.496108435074047 10 7990 57
V2S 0.489752117228433 0.88851618912373 0.00039212128846165 0.665190187150981 119 7881 26
V2T 0.0353498531198023 0.646016215751582 0.000335922010762753 0.869156795468723 182 7818 6
V2W 7.0830248229101 Inf Inf 0.0459649957156093 1 7999 NA
V2Y 1.60310473118629 3.81721657028821 0.0005903190950152 -0.628545607983294 14 7986 53
S3A -0.0240673834195112 0.62293053547761 0.000293982460981394 0.722713037417399 161 7839 5
S3C 0.459939007176623 0.855774003020559 0.000364973516646776 -0.0890637995207949 113 7887 25
S3D 2.09486859903711 8.2509808195355 0.00123772840340759 0.755535739110122 13 7987 60
S3E 2.25230191430806 10.6733892296373 0.0017214159237532 0.0645150049568735 15 7985 63
S3F 1.32659496672077 2.46781592559899 0.00070094491293018 0.139881175758357 47 7953 45
S3G 0.0945755567753059 0.660823415094909 0.000287696541505353 0.131505843222808 132 7868 11
S3H 1.54290601364944 3.42345214099339 0.000887873713655527 -0.570812120254577 39 7961 52
S3I 0.547492861087005 0.927467771142355 0.000333688188803508 0.0902479791001975 81 7919 29
S3K 8.65671418412507 Inf Inf -0.0778826482791776 0 8000 NA
S3L -0.0819615705462777 0.607562709199383 0.000412262233022695 0.435441140629089 295 7705 4
S3M 0.361413780969755 0.78853886351086 0.000369211648613121 0.886642078201987 137 7863 23
S3N 0.972821548076307 1.5061708376846 0.00044520630084379 0.478130666370032 52 7948 39
S3P 1.97593396295836 6.8032858167817 0.000690418811606066 1.27565690358707 6 7994 58
S3Q 0.764600441527128 1.16649982043582 0.000359750557593868 -0.272307210089848 58 7942 33
S3R 3.63113941061436 105.984128635676 0.00765115774683805 0.560164116517611 3 7997 69
S3T 0.0364764133831062 0.64109582699354 0.000278929784724493 -0.224771993625692 138 7862 8
S3V 0.202715620988264 0.704478811608615 0.000283692952631264 0.0595240196053659 111 7889 17
S3W 1.49266249031959 3.1690459092241 0.000754948923230547 0.130519397258043 33 7967 51
S3Y 1.2171706831548 2.10471893821711 0.000702995512663901 0.233921147545037 65 7935 43
T4A 0.0509344043638224 0.732907586133616 0.000300208562107978 0.557251965953029 117 7883 9
T4C 0.122889376550053 0.760990944257637 0.000335025125399779 -0.396781845795567 129 7871 12
T4D 1.38886252732537 2.99035277910361 0.000605599497470891 0.320346540060322 24 7976 47
T4E 0.769817882744355 1.31007076182534 0.000267689421432515 -0.875060137839046 27 7973 34
T4F 0.796313955639211 1.34992642486637 0.000445377785481903 -0.0740044392608324 65 7935 35
T4G 0.352941412812227 0.883704631744518 0.000323524788942752 0.077509229928729 86 7914 20
T4H 0.199869548795333 0.7959573986489 0.000299791191455345 0.445308951378712 96 7904 16
T4I 0.354566861057824 0.884711890941716 0.000413564309729454 -0.14866886566064 134 7866 21
T4K 1.32799205760278 2.73355107899112 0.000434039738671796 -0.113841315748259 15 7985 46
T4L 0.274935215342314 0.835566369210724 0.000415526502945566 0.0619869888613601 152 7848 19
T4M 0.731511588655138 1.25506370427483 0.000485698463484374 0.124127287373483 89 7911 31
T4N 0.574132685346809 1.0677516167369 0.00033859445836529 0.452475996052239 63 7937 30
T4P 2.8142863998889 29.6850303000667 0.00302989360767697 0.330853564826895 6 7994 65
T4Q 0.361008645754171 0.889123761479484 0.000307431659482177 -0.374291332695046 78 7922 22
T4R 1.24896369620266 2.43800975129301 0.000423536402772475 -0.217600893719379 18 7982 44
T4S -0.10325987750236 0.685045856497294 0.000324417216223942 -0.16536384142932 160 7840 3
T4V 0.0520882749183812 0.733303008110846 0.000365410767670347 -0.147995955541456 163 7837 10
T4W 1.4235651013266 3.1498018643582 0.000428212711163952 -0.467513575469936 11 7989 49
T4Y 0.134237381714599 0.765830404366363 0.000274985157369805 -0.286730740467387 92 7908 14
